0,1.7413,2048,3.111e-05,2.1341e-10,1.7424
1,1.8443,2048,3.3211e-05,2.1178e-10,1.8456
2,2.6845,2048,3.5789e-05,3.4105e-10,2.6853
3,2.2757,2048,3.1503e-05,5.007e-10,2.2762
4,2.1285,2048,2.6677e-05,1.6573e-10,2.1292
5,2.1261,2048,3.7406e-05,3.3159e-10,2.1274
6,1.9621,2048,3.2599e-05,2.0675e-10,1.9631
7,2.3084,2048,3.4656e-05,2.2778e-10,2.3097
8,2.414,2048,3.0345e-05,2.0225e-10,2.4147
9,2.6532,2048,3.1489e-05,2.2273e-10,2.654
10,2.4154,2048,3.8626e-05,7.5537e-10,2.4162
11,2.2545,2048,2.642e-05,1.5989e-10,2.2554
12,1.7715,2048,3.1766e-05,2.0062e-10,1.7728
13,2.4579,2048,3.0189e-05,1.8152e-10,2.459
14,1.8931,2048,3.1632e-05,1.9416e-10,1.8942
15,2.5939,2048,3.664e-05,2.418e-10,2.595
16,2.1846,2048,3.2429e-05,2.4166e-10,2.1855
17,1.9708,2048,3.137e-05,1.9112e-10,1.9718
18,2.0151,2048,3.8456e-05,2.5033e-10,2.0167
19,2.4712,2048,3.4744e-05,2.2896e-10,2.4724
20,2.4472,2048,3.1383e-05,1.8927e-10,2.4482
21,2.0902,2048,3.2126e-05,2.3059e-10,2.0912
22,2.2959,2048,2.7866e-05,1.8772e-10,2.2967
23,2.2949,2048,2.8532e-05,1.9309e-10,2.2956
24,2.2002,2048,2.9845e-05,1.7283e-10,2.2013
25,1.9261,2048,1.9873e-05,1.2882e-10,1.9266
26,1.9418,2048,3.7027e-05,2.4922e-10,1.9429
27,1.7564,2048,3.2165e-05,1.9781e-10,1.7575
28,1.792,2048,3.3016e-05,2.0115e-10,1.7933
29,2.2019,2048,3.1557e-05,2.0105e-10,2.203
30,2.2121,2048,3.0931e-05,1.859e-10,2.2133
31,2.3765,2048,4.0954e-05,2.3481e-10,2.3782
32,2.6998,2048,3.93e-05,2.5674e-10,2.7013
33,2.2481,2048,3.669e-05,2.3374e-10,2.2494
34,1.9017,2048,1.9295e-05,1.2518e-10,1.9022
35,2.4249,2048,2.3939e-05,1.4418e-10,2.4256
36,1.9939,2048,3.6837e-05,2.4119e-10,1.9951
37,2.5927,2048,2.848e-05,1.7547e-10,2.5935
38,1.7979,2048,3.3405e-05,2.4229e-10,1.7994
39,2.2238,2048,3.303e-05,2.1716e-10,2.2248
40,2.1166,2048,3.5036e-05,2.196e-10,2.118
41,1.9646,2048,3.1746e-05,1.9595e-10,1.9657
42,2.3132,2048,3.3431e-05,1.9328e-10,2.3142
43,2.4188,4096,8.4957e-07,2.718e-11,2.4195
44,2.2197,2048,4.0152e-05,2.9713e-10,2.2211
45,2.1735,2048,4.0549e-05,7.6104e-10,2.1746
46,2.2457,2048,3.4551e-05,2.3395e-10,2.247
47,1.8128,2048,3.6137e-05,2.1453e-10,1.8145
48,1.8582,2048,3.5467e-05,2.5563e-10,1.8595
49,2.0179,2048,3.416e-05,2.4703e-10,2.0189
50,2.1366,2048,3.1084e-05,1.9027e-10,2.1376
51,1.9962,2048,2.885e-05,1.8466e-10,1.9974
52,2.6068,2048,3.4878e-05,2.0565e-10,2.6079
53,2.3529,2048,2.901e-05,1.799e-10,2.3537
54,2.0524,2048,3.2927e-05,2.1599e-10,2.0536
55,2.0398,2048,3.907e-05,2.4721e-10,2.0411
56,2.0053,2048,2.7645e-05,1.6276e-10,2.0061
57,1.8027,2048,2.8799e-05,1.7684e-10,1.8038
58,2.1702,2048,3.3432e-05,2.2407e-10,2.1712
59,1.9477,2048,3.1702e-05,2.1338e-10,1.9487
60,2.1651,2048,2.7101e-05,1.7196e-10,2.1661
61,2.0486,2048,3.699e-05,3.3741e-10,2.0498
62,2.0564,2048,3.125e-05,1.8492e-10,2.0576
63,2.3255,2048,2.2545e-05,1.5267e-10,2.3261
64,2.9958,2048,3.4088e-05,2.1892e-10,2.9968
65,2.1402,2048,3.7094e-05,2.3378e-10,2.1413
66,2.3206,2048,2.7116e-05,1.708e-10,2.3213
67,2.1633,2048,3.0762e-05,1.7917e-10,2.1643
68,2.2829,2048,3.6765e-05,2.3114e-10,2.2842
69,1.9835,2048,3.3279e-05,2.1144e-10,1.9846
70,2.4502,2048,2.9596e-05,1.6469e-10,2.4515
71,2.3957,2048,2.7957e-05,1.8166e-10,2.3968
72,1.8274,2048,2.1618e-05,1.3777e-10,1.8281
73,1.8433,2048,2.4183e-05,1.5393e-10,1.844
74,2.2777,2048,3.4479e-05,2.5246e-10,2.2788
75,2.2024,2048,3.682e-05,2.89e-10,2.2034
76,2.2641,2048,3.1963e-05,1.849e-10,2.2653
77,2.212,2048,2.9376e-05,1.8047e-10,2.213
78,2.3868,2048,3.8819e-05,2.3562e-10,2.3886
79,1.7813,2048,4.0109e-05,3.646e-10,1.783
80,2.7116,2048,3.5484e-05,2.0655e-10,2.7131
81,1.9277,2048,2.8625e-05,1.7601e-10,1.9285
82,2.6355,2048,2.924e-05,1.8438e-10,2.6366
83,2.1257,2048,3.1858e-05,1.9501e-10,2.1268
84,2.5221,2048,3.3011e-05,1.9385e-10,2.5231
85,2.1078,2048,2.9412e-05,1.8392e-10,2.109
86,2.1885,2048,3.133e-05,2.1715e-10,2.1893
87,1.8941,2048,3.3341e-05,2.6589e-10,1.8953
88,2.1955,2048,3.4173e-05,2.044e-10,2.1965
89,2.0769,2048,3.0846e-05,2.0906e-10,2.0779
90,2.0676,2048,3.1102e-05,2.1552e-10,2.0687
91,1.8599,2048,2.6756e-05,1.6608e-10,1.8607
92,2.538,2048,3.5641e-05,2.3584e-10,2.539
93,2.0777,2048,3.1331e-05,1.7575e-10,2.0788
94,2.0479,2048,3.6604e-05,2.2976e-10,2.0493
95,2.165,2048,3.0012e-05,1.8864e-10,2.1659
96,2.1551,2048,2.449e-05,1.5641e-10,2.1559
97,2.2205,2048,3.5558e-05,2.0592e-10,2.2219
98,2.7382,2048,3.4203e-05,2.2043e-10,2.7398
99,2.3429,2048,2.8338e-05,1.634e-10,2.3439
100,2.6326,2048,3.0247e-05,1.9983e-10,2.6335
101,2.4752,2048,3.491e-05,2.2687e-10,2.4766
102,2.601,2048,3.3656e-05,2.1349e-10,2.6021
103,2.127,2048,2.8692e-05,1.7471e-10,2.128
104,2.3012,2048,3.3503e-05,2.3846e-10,2.302
105,1.9962,2048,3.7551e-05,4.5875e-10,1.9975
106,1.906,2048,2.702e-05,1.704e-10,1.9067
107,2.6193,2048,1.8544e-05,1.1063e-10,2.62
108,1.9503,2048,3.1295e-05,1.8529e-10,1.9515
109,2.2499,2048,4.2588e-05,2.7485e-10,2.2514
110,2.2533,2048,3.5172e-05,2.3517e-10,2.2544
111,2.2822,2048,4.0803e-05,2.9698e-10,2.2838
112,2.3331,2048,4.1057e-05,3.0109e-10,2.3344
113,2.2472,2048,3.3504e-05,1.9492e-10,2.2484
114,2.3218,2048,3.8462e-05,7.0949e-10,2.3231
115,2.4032,2048,3.2038e-05,1.9718e-10,2.4041
116,2.3226,2048,2.2913e-05,1.5756e-10,2.3233
117,2.2988,2048,3.2249e-05,1.9974e-10,2.2998
118,2.0986,2048,3.3487e-05,2.227e-10,2.0998
119,2.1361,2048,2.7886e-05,1.6141e-10,2.137
120,2.1101,2048,3.2248e-05,2.0638e-10,2.1114
121,2.5165,2048,4.1691e-05,2.9079e-10,2.5178
122,1.9725,2048,3.9092e-05,2.7213e-10,1.9737
123,1.852,2048,2.7897e-05,1.8649e-10,1.8527
124,2.514,2048,2.3516e-05,1.406e-10,2.5148
125,1.7669,2048,3.2556e-05,2.0887e-10,1.768
126,2.4223,2048,3.8483e-05,3.412e-10,2.4231
127,2.3043,2048,2.357e-05,1.3924e-10,2.305
128,2.2978,2048,3.0142e-05,1.9338e-10,2.2985
129,2.6514,2048,3.2968e-05,2.073e-10,2.6521
130,2.1693,2048,3.1563e-05,2.3329e-10,2.1702
131,2.335,2048,2.6668e-05,1.627e-10,2.3359
132,2.3855,2048,4.1202e-05,3.2381e-10,2.3865
133,2.3656,2048,3.2907e-05,1.9674e-10,2.3666
134,2.4594,2048,3.4665e-05,1.9819e-10,2.4608
135,2.098,2048,3.666e-05,2.5101e-10,2.099
136,2.4653,2048,2.9841e-05,1.9453e-10,2.4661
137,2.1522,2048,3.1191e-05,1.9098e-10,2.1533
138,2.4664,2048,2.1263e-05,1.2766e-10,2.467
139,2.244,2048,3.2461e-05,2.1307e-10,2.245
140,1.8955,2048,3.5908e-05,2.3992e-10,1.897
141,2.0698,2048,2.8298e-05,2.2031e-10,2.0704
142,2.7294,2048,3.5054e-05,2.4392e-10,2.7303
143,2.8209,2048,3.4103e-05,2.1655e-10,2.8221
144,2.2099,2048,3.3121e-05,2.0646e-10,2.211
145,2.0716,2048,3.8752e-05,6.7496e-10,2.0724
146,2.0177,2048,2.4197e-05,1.5106e-10,2.0186
147,2.1154,2048,4.1681e-05,2.7355e-10,2.1169
148,2.1998,2048,3.0468e-05,1.9451e-10,2.2007
149,2.0305,2048,2.4965e-05,1.6559e-10,2.0313
150,2.3243,2048,3.4299e-05,2.6172e-10,2.3252
151,2.6487,2048,3.4366e-05,2.1464e-10,2.6499
152,2.308,2048,3.7086e-05,1.9805e-10,2.3092
153,2.1996,2048,3.1054e-05,2.0369e-10,2.2004
154,2.0719,2048,4.1195e-05,2.6483e-10,2.0738
155,1.9608,2048,2.5999e-05,1.5374e-10,1.9616
156,2.0926,2048,3.8219e-05,2.415e-10,2.0945
157,1.954,2048,2.9962e-05,2.2308e-10,1.9548
158,1.8125,2048,3.1951e-05,1.9894e-10,1.8138
159,2.1352,2048,2.47e-05,1.5898e-10,2.1363
160,2.031,2048,2.9613e-05,1.8552e-10,2.0323
161,2.0783,2048,2.6473e-05,1.6833e-10,2.0793
162,2.0878,2048,3.5614e-05,3.2563e-10,2.0889
163,2.0348,2048,3.2317e-05,1.8071e-10,2.0359
164,2.4597,2048,3.6383e-05,2.2003e-10,2.4613
165,1.915,2048,4.0611e-05,3.9822e-10,1.916
166,1.7993,2048,2.9778e-05,1.9218e-10,1.8004
167,2.2198,2048,3.3008e-05,2.1566e-10,2.2211
168,2.0122,2048,2.9124e-05,2.0581e-10,2.0132
169,2.2188,2048,2.8421e-05,1.9091e-10,2.2195
170,1.8849,2048,3.5605e-05,2.1131e-10,1.886
171,2.1496,2048,2.65e-05,1.5027e-10,2.1506
172,2.3152,2048,3.2883e-05,1.7366e-10,2.3167
173,2.4284,2048,3.0914e-05,1.9202e-10,2.4292
174,2.0821,2048,2.4374e-05,1.7789e-10,2.0829
175,2.2465,2048,3.4356e-05,1.8696e-10,2.248
176,1.9875,2048,3.272e-05,1.9068e-10,1.9887
177,2.4197,2048,3.2044e-05,2.0324e-10,2.4208
178,2.2414,2048,3.0945e-05,2.1186e-10,2.2421
179,2.7162,2048,2.7579e-05,1.8172e-10,2.717
180,2.2898,2048,3.6378e-05,2.7599e-10,2.2909
181,1.9096,2048,3.0451e-05,1.738e-10,1.9106
182,2.1113,2048,3.9498e-05,2.9334e-10,2.1123
183,1.799,2048,2.7513e-05,1.7533e-10,1.8001
184,2.5406,2048,3.648e-05,2.2165e-10,2.542
185,2.2822,2048,2.8262e-05,1.6679e-10,2.2831
186,2.2759,2048,3.4664e-05,2.1562e-10,2.2775
187,2.3403,2048,2.6115e-05,1.5161e-10,2.3412
188,2.4633,2048,3.0037e-05,2.0609e-10,2.4641
189,2.3048,2048,3.2287e-05,2.3579e-10,2.3055
190,2.0964,2048,2.9614e-05,1.9379e-10,2.0975
191,2.1318,2048,2.7963e-05,1.6815e-10,2.1327
192,2.4551,2048,2.7947e-05,1.5784e-10,2.4563
193,2.1203,2048,3.4275e-05,2.4439e-10,2.1214
194,2.4099,2048,3.7964e-05,3.0385e-10,2.4115
195,2.1958,2048,3.6606e-05,2.2798e-10,2.1971
196,2.2439,2048,3.4985e-05,2.2895e-10,2.245
197,2.2508,2048,3.4892e-05,2.2535e-10,2.2521
198,1.9879,2048,3.1727e-05,1.9286e-10,1.9889
199,2.1989,2048,3.4165e-05,2.0764e-10,2.2
200,2.0323,2048,2.6181e-05,1.5456e-10,2.0334
201,2.0263,2048,2.6056e-05,1.9014e-10,2.027
202,2.2601,2048,2.9993e-05,1.9104e-10,2.2613
203,1.8832,2048,3.522e-05,4.3403e-10,1.884
204,2.073,2048,3.7843e-05,2.9517e-10,2.0739
205,2.5331,2048,3.2487e-05,1.8741e-10,2.534
206,2.5096,2048,3.7889e-05,2.856e-10,2.5105
207,1.9543,2048,3.4849e-05,2.2154e-10,1.9556
208,2.584,2048,2.7349e-05,1.8627e-10,2.5849
209,2.3532,2048,3.0278e-05,1.7859e-10,2.3544
210,2.1556,2048,3.3524e-05,2.3636e-10,2.1565
211,2.0674,2048,3.4225e-05,1.8551e-10,2.0691
212,2.3332,2048,2.9356e-05,1.8684e-10,2.3341
213,2.2125,2048,2.8618e-05,2.0182e-10,2.2133
214,1.975,2048,3.8269e-05,2.3598e-10,1.9764
215,2.825,2048,3.0766e-05,3.2432e-10,2.8259
216,2.0455,2048,3.5994e-05,2.4587e-10,2.0467
217,2.6513,2048,4.5044e-05,7.7616e-10,2.6524
218,2.1009,2048,3.5115e-05,2.1164e-10,2.102
219,1.9922,2048,2.7984e-05,1.8216e-10,1.9931
220,2.1715,2048,2.9344e-05,1.8141e-10,2.1724
221,2.281,2048,3.325e-05,2.1776e-10,2.2823
222,1.8676,2048,2.166e-05,1.4307e-10,1.8682
223,2.159,2048,3.4631e-05,2.3068e-10,2.1599
224,2.9055,2048,4.0615e-05,2.6094e-10,2.9065
225,2.8407,2048,3.8895e-05,3.2936e-10,2.8418
226,2.393,2048,3.842e-05,2.2736e-10,2.3942
227,2.5677,2048,3.8923e-05,2.5464e-10,2.5686
228,1.6379,2048,3.0701e-05,2.0043e-10,1.639
229,2.1353,2048,3.4186e-05,2.1432e-10,2.1364
230,1.9112,2048,2.9388e-05,1.8636e-10,1.912
231,2.3695,2048,2.8811e-05,1.7409e-10,2.3704
232,2.0854,2048,3.6148e-05,2.2409e-10,2.0868
233,2.1045,2048,3.2429e-05,2.6095e-10,2.1054
234,1.8109,2048,2.5224e-05,1.6798e-10,1.8118
235,2.199,2048,3.3675e-05,2.344e-10,2.2001
236,2.4617,2048,3.6838e-05,2.4897e-10,2.4629
237,2.3555,2048,2.6725e-05,1.7296e-10,2.3566
238,2.0923,2048,3.5102e-05,2.1992e-10,2.0938
239,1.9739,2048,3.1258e-05,2.1394e-10,1.975
240,2.3002,2048,4.1798e-05,6.7695e-10,2.3014
241,2.0212,2048,2.0119e-05,1.1403e-10,2.0221
242,2.1437,2048,3.1823e-05,1.9859e-10,2.1447
243,2.2747,2048,3.7469e-05,2.1834e-10,2.2765
244,2.2014,2048,2.6349e-05,1.5921e-10,2.2022
245,2.2949,2048,3.0885e-05,1.8246e-10,2.2958
246,2.2859,2048,3.1498e-05,2.1923e-10,2.287
247,2.2309,2048,4.2953e-05,2.7191e-10,2.2327
248,2.1053,2048,3.223e-05,2.3003e-10,2.1065
249,2.6679,2048,2.8281e-05,1.7365e-10,2.6691
250,2.1758,2048,2.7255e-05,1.7719e-10,2.1767
251,2.0343,2048,3.1181e-05,1.8939e-10,2.0356
252,1.6817,2048,2.9612e-05,2.2048e-10,1.6825
253,2.8849,2048,3.2079e-05,2.0294e-10,2.8861
254,2.0555,2048,3.3434e-05,2.1922e-10,2.0567
255,1.8814,2048,3.5433e-05,2.6261e-10,1.8827
256,2.3296,2048,3.5064e-05,2.4706e-10,2.3307
257,1.8872,2048,3.6669e-05,2.4877e-10,1.8886
258,2.2019,2048,3.3544e-05,2.0505e-10,2.203
259,2.2948,2048,3.2206e-05,2.6562e-10,2.2957
260,2.4768,2048,2.8877e-05,1.8588e-10,2.4778
261,2.4775,2048,3.2386e-05,2.2051e-10,2.4784
262,2.3004,2048,3.623e-05,2.1848e-10,2.3014
263,2.2265,2048,2.6787e-05,1.5803e-10,2.2275
264,2.5464,4096,3.1537e-10,2.8765e-21,2.5476
265,2.0755,2048,3.2707e-05,2.049e-10,2.0765
266,1.97,2048,3.1214e-05,1.9232e-10,1.9713
267,2.1398,2048,3.7915e-05,2.5068e-10,2.1409
268,2.5179,2048,3.8545e-05,2.4819e-10,2.5192
269,2.0328,2048,3.841e-05,3.0168e-10,2.0339
270,2.0412,2048,2.8232e-05,1.8893e-10,2.0421
271,2.3717,2048,3.1543e-05,1.9799e-10,2.3725
272,1.9657,2048,2.9961e-05,1.9639e-10,1.9665
273,2.041,2048,3.3442e-05,2.193e-10,2.042
274,2.2262,2048,2.7688e-05,1.5956e-10,2.2271
275,2.136,2048,2.8597e-05,1.7314e-10,2.137
276,2.358,2048,3.5165e-05,2.4497e-10,2.3594
277,2.2085,2048,3.4171e-05,2.0656e-10,2.2095
278,2.101,2048,3.2356e-05,2.4613e-10,2.1019
279,2.1522,2048,3.4384e-05,2.1622e-10,2.1534
280,1.9086,2048,2.9827e-05,1.9107e-10,1.9095
281,1.8394,2048,3.1448e-05,1.9251e-10,1.8405
282,2.0462,2048,3.2751e-05,2.118e-10,2.0472
283,2.0826,2048,3.3675e-05,2.1476e-10,2.0836
284,2.7361,2048,3.1191e-05,1.5856e-10,2.7373
285,2.3095,2048,2.8622e-05,1.702e-10,2.3106
286,2.3871,2048,2.9378e-05,1.9077e-10,2.3878
287,2.2686,2048,4.0341e-05,2.5622e-10,2.2702
288,1.9571,2048,2.8651e-05,1.6989e-10,1.9585
289,2.5769,2048,3.4455e-05,2.2069e-10,2.5782
290,1.8536,2048,3.9407e-05,3.0188e-10,1.8551
291,2.6203,2048,3.4349e-05,2.2023e-10,2.6213
292,2.3791,2048,3.8898e-05,2.9039e-10,2.3806
293,2.2601,2048,3.5192e-05,2.3093e-10,2.2612
294,1.9766,2048,3.0817e-05,2.034e-10,1.9776
295,1.9574,2048,2.8247e-05,1.536e-10,1.9585
296,1.9318,2048,3.4762e-05,2.2299e-10,1.9332
297,2.7658,2048,2.6474e-05,1.6797e-10,2.7669
298,2.6481,2048,2.7772e-05,1.8357e-10,2.6488
299,2.11,2048,3.1604e-05,1.9165e-10,2.1113
300,2.3188,2048,3.2174e-05,2.0226e-10,2.3199
301,2.0608,2048,2.5826e-05,1.8056e-10,2.0615
302,2.3257,2048,3.4226e-05,1.9781e-10,2.327
303,3.0832,2048,3.3397e-05,1.9874e-10,3.0847
304,2.1252,2048,2.6822e-05,1.6987e-10,2.1262
305,2.4208,2048,2.9693e-05,2.1461e-10,2.4217
306,2.8643,2048,3.4846e-05,2.583e-10,2.8652
307,2.0995,2048,3.1094e-05,1.8347e-10,2.1004
308,2.0776,2048,3.1407e-05,2.1942e-10,2.0785
309,1.9635,2048,3.5023e-05,4.1073e-10,1.9644
310,2.2571,2048,3.7856e-05,2.4175e-10,2.2583
311,2.2147,2048,3.4602e-05,2.5108e-10,2.2158
312,2.4661,2048,2.9184e-05,1.8783e-10,2.4673
313,2.3995,2048,3.9196e-05,2.3298e-10,2.4011
314,2.424,2048,3.3693e-05,2.465e-10,2.425
315,2.0104,2048,3.2362e-05,2.0531e-10,2.0116
316,2.3769,2048,2.2636e-05,1.5259e-10,2.3775
317,2.1687,2048,3.6582e-05,2.1592e-10,2.17
318,2.2466,2048,2.5149e-05,1.6515e-10,2.2472
319,2.1787,2048,3.6012e-05,2.3814e-10,2.1797
320,2.6722,2048,2.7187e-05,1.808e-10,2.673
321,2.4801,2048,2.8907e-05,1.759e-10,2.4815
322,2.1983,2048,3.1111e-05,1.929e-10,2.1992
323,2.2475,2048,2.8892e-05,1.5406e-10,2.2486
324,1.9141,2048,3.2206e-05,2.023e-10,1.9151
325,1.9518,2048,3.0235e-05,1.9879e-10,1.9527
326,2.3123,2048,2.578e-05,1.5126e-10,2.3131
327,2.4457,2048,3.9578e-05,2.9862e-10,2.4468
328,1.8882,2048,3.093e-05,1.7973e-10,1.8893
329,2.0932,2048,3.9026e-05,2.3543e-10,2.0945
330,2.2239,2048,2.8869e-05,1.7534e-10,2.2255
331,2.2404,2048,3.0642e-05,1.8384e-10,2.2415
332,1.7735,2048,2.8121e-05,1.6504e-10,1.7745
333,2.0903,2048,3.1845e-05,2.0044e-10,2.0913
334,2.2802,2048,3.4339e-05,2.2024e-10,2.2813
335,1.8061,2048,2.5556e-05,1.6158e-10,1.8073
336,2.5604,2048,3.1894e-05,2.2881e-10,2.5612
337,2.156,2048,3.1776e-05,2.0022e-10,2.1571
338,2.8009,2048,3.3504e-05,2.3102e-10,2.8023
339,2.1052,2048,3.3481e-05,1.9799e-10,2.1063
340,2.0147,2048,3.4819e-05,2.5799e-10,2.0158
341,2.0333,2048,2.5639e-05,1.7767e-10,2.034
342,1.8847,2048,3.619e-05,2.2009e-10,1.8862
343,2.4056,2048,3.5133e-05,2.1602e-10,2.4066
344,2.1919,2048,3.7834e-05,2.7145e-10,2.1929
345,2.2869,2048,3.1924e-05,1.9523e-10,2.288
346,1.7253,2048,2.9098e-05,2.0572e-10,1.7262
347,1.7806,2048,2.9007e-05,1.8216e-10,1.7815
348,2.1196,2048,3.3258e-05,1.9762e-10,2.1209
349,1.9179,2048,2.5907e-05,1.53e-10,1.9188
350,2.4441,2048,3.7743e-05,2.3546e-10,2.4453
351,2.3272,2048,3.5158e-05,2.2034e-10,2.3285
352,2.1605,2048,3.7557e-05,2.4064e-10,2.1618
353,2.4203,2048,3.4992e-05,2.3461e-10,2.4218
354,2.0692,2048,2.3791e-05,1.4836e-10,2.0697
355,2.1874,2048,2.9586e-05,1.8722e-10,2.1886
356,2.475,2048,3.4596e-05,2.2202e-10,2.4762
357,2.1101,2048,3.5028e-05,4.0993e-10,2.111
358,2.1499,2048,2.8102e-05,1.9102e-10,2.1509
359,2.2914,2048,3.4553e-05,2.2003e-10,2.2926
360,1.7856,2048,3.0827e-05,1.9919e-10,1.7868
361,1.9708,2048,3.6399e-05,5.1434e-10,1.9716
362,2.1827,2048,3.4072e-05,1.8833e-10,2.1839
363,2.0087,2048,3.4482e-05,2.169e-10,2.0103
364,1.9001,2048,2.476e-05,1.344e-10,1.9011
365,2.2521,2048,3.6503e-05,2.3925e-10,2.2533
366,2.0609,2048,3.608e-05,2.3652e-10,2.0623
367,2.1911,2048,2.0343e-05,1.4051e-10,2.1916
368,1.8915,2048,3.285e-05,2.4142e-10,1.8924
369,2.0462,2048,3.1642e-05,1.8651e-10,2.0474
370,2.8834,2048,3.3429e-05,2.3721e-10,2.8846
371,2.1834,2048,2.6756e-05,1.6816e-10,2.1842
372,2.1016,2048,3.0645e-05,1.8009e-10,2.1025
373,2.7435,2048,3.6547e-05,2.2128e-10,2.7447
374,2.1931,2048,3.8777e-05,2.8132e-10,2.1941
375,2.0782,2048,2.5419e-05,1.7326e-10,2.079
376,2.3273,2048,3.2325e-05,1.7821e-10,2.3285
377,1.8458,2048,3.4037e-05,2.0423e-10,1.8472
378,2.1309,2048,2.6916e-05,1.7044e-10,2.1319
379,2.5576,2048,3.9572e-05,4.2966e-10,2.5588
380,2.0238,2048,2.9279e-05,1.7776e-10,2.0247
381,2.3561,2048,4.0437e-05,3.5555e-10,2.3575
382,2.787,2048,3.6556e-05,2.4915e-10,2.7881
383,2.4206,2048,3.4728e-05,2.3439e-10,2.4217
384,2.2426,2048,3.8862e-05,2.3229e-10,2.2441
385,1.9862,2048,2.523e-05,1.7449e-10,1.987
386,2.1944,2048,4.0086e-05,2.7567e-10,2.1959
387,2.9968,2048,3.2567e-05,3.152e-10,2.998
388,2.4768,2048,3.0802e-05,1.8626e-10,2.478
389,2.0795,2048,2.4393e-05,1.5643e-10,2.0801
390,2.1388,2048,3.0795e-05,2.1031e-10,2.1396
391,1.9601,2048,2.5098e-05,1.6385e-10,1.9608
392,2.0883,2048,3.2763e-05,2.1281e-10,2.0893
393,2.0416,2048,2.7428e-05,1.7701e-10,2.0424
394,2.776,2048,3.3392e-05,1.9945e-10,2.7771
395,2.1419,2048,4.2719e-05,2.7776e-10,2.1435
396,2.2696,2048,3.6978e-05,2.3944e-10,2.2708
397,1.9278,2048,3.7592e-05,2.3485e-10,1.9293
398,2.2347,2048,3.667e-05,2.6273e-10,2.2358
399,1.9155,2048,2.4861e-05,1.6417e-10,1.9163
400,2.2291,2048,4.0968e-05,2.685e-10,2.2306
401,1.7545,2048,2.7015e-05,1.7337e-10,1.7556
402,1.8112,2048,3.0033e-05,1.8884e-10,1.8122
403,2.306,2048,2.9109e-05,1.7804e-10,2.3069
404,2.5881,2048,2.8056e-05,1.6035e-10,2.5891
405,1.9782,2048,3.6364e-05,2.5438e-10,1.9791
406,2.2576,2048,3.5245e-05,2.217e-10,2.2589
407,1.9072,2048,3.7105e-05,2.5607e-10,1.9084
408,2.3024,2048,3.0035e-05,1.9958e-10,2.3035
409,2.2513,2048,3.2804e-05,1.8722e-10,2.2525
410,2.171,2048,2.5572e-05,1.5942e-10,2.1718
411,1.8855,2048,2.6295e-05,1.4089e-10,1.8863
412,1.8272,2048,3.8164e-05,2.4742e-10,1.8286
413,1.8565,2048,3.3251e-05,2.2183e-10,1.8577
414,1.9224,2048,3.1539e-05,2.1775e-10,1.9232
415,2.3256,2048,3.5427e-05,2.1243e-10,2.3272
416,2.495,2048,3.6229e-05,2.3623e-10,2.4966
417,2.4142,2048,2.9314e-05,1.8048e-10,2.4152
418,2.5454,2048,3.1347e-05,1.8935e-10,2.5467
419,3.0659,2048,3.9669e-05,2.7343e-10,3.0673
420,2.1231,2048,3.5622e-05,2.4745e-10,2.1242
421,2.0323,2048,3.4204e-05,2.1696e-10,2.0334
422,2.1832,2048,3.6497e-05,3.6321e-10,2.1841
423,2.1293,2048,2.6735e-05,1.7133e-10,2.1303
424,2.1999,2048,3.2709e-05,2.0616e-10,2.201
425,2.0942,2048,3.1851e-05,2.1643e-10,2.0951
426,2.0663,2048,3.616e-05,2.3965e-10,2.0673
427,2.3091,2048,3.2675e-05,2.0922e-10,2.3103
428,2.1559,2048,4.1079e-05,2.7418e-10,2.1573
429,1.6795,2048,2.9999e-05,1.7094e-10,1.6811
430,2.1777,2048,2.9994e-05,1.6966e-10,2.1788
431,2.5279,2048,3.8922e-05,2.3845e-10,2.5289
432,1.683,2048,3.2674e-05,2.0172e-10,1.6842
433,2.2205,2048,3.8278e-05,2.8686e-10,2.2215
434,2.1539,2048,2.7488e-05,1.5238e-10,2.1554
435,2.1334,2048,3.6994e-05,2.3766e-10,2.1348
436,1.7867,2048,2.4888e-05,1.6157e-10,1.7875
437,2.2179,2048,3.5234e-05,2.3095e-10,2.2188
438,2.0824,2048,3.3896e-05,2.1678e-10,2.0833
439,2.0701,2048,3.1273e-05,1.8786e-10,2.0713
440,2.2905,2048,3.6202e-05,3.0035e-10,2.2915
441,1.7846,2048,3.2663e-05,2.3852e-10,1.7857
442,2.0149,2048,3.3875e-05,2.0675e-10,2.0161
443,2.0536,2048,3.1968e-05,1.807e-10,2.055
444,2.0454,2048,4.117e-05,4.2908e-10,2.0466
445,1.9252,2048,3.3646e-05,2.21e-10,1.9263
446,1.8946,2048,3.5046e-05,2.2602e-10,1.8959
447,1.7547,2048,2.9494e-05,1.7649e-10,1.7559
448,2.199,2048,2.7707e-05,1.5298e-10,2.2003
449,2.8415,2048,3.4388e-05,2.1936e-10,2.8429
450,2.6301,2048,3.062e-05,1.8056e-10,2.6313
451,2.2064,2048,3.0856e-05,1.8547e-10,2.2075
452,2.3851,2048,3.9488e-05,2.4682e-10,2.3861
453,2.4003,2048,3.1567e-05,2.3255e-10,2.4012
454,2.0403,2048,2.4747e-05,1.5956e-10,2.041
455,2.1693,2048,3.5064e-05,2.4657e-10,2.1707
456,1.8939,2048,3.1401e-05,2.1472e-10,1.8947
457,1.9112,2048,2.6327e-05,1.4951e-10,1.9124
458,1.7567,2048,2.9139e-05,1.9932e-10,1.7575
459,2.3409,2048,3.4539e-05,2.1839e-10,2.3421
460,2.3314,2048,3.6071e-05,2.8404e-10,2.3322
461,2.2561,2048,3.3161e-05,2.0423e-10,2.2571
462,2.6692,2048,4.4793e-05,3.6561e-10,2.6706
463,2.3695,2048,3.3782e-05,2.098e-10,2.3704
464,2.7899,2048,2.9718e-05,1.9175e-10,2.7912
465,1.9844,2048,2.5295e-05,1.5062e-10,1.9851
466,2.7176,2048,3.3895e-05,2.0999e-10,2.7189
467,2.8936,2048,2.6591e-05,1.5977e-10,2.8943
468,2.3989,2048,3.6974e-05,2.4803e-10,2.4001
469,2.7591,2048,3.0936e-05,1.9614e-10,2.7604
470,2.0105,2048,2.7133e-05,1.7144e-10,2.0115
471,2.2206,2048,2.8148e-05,1.8486e-10,2.2213
472,2.2489,2048,3.2782e-05,2.284e-10,2.2502
473,1.841,2048,2.7265e-05,1.5888e-10,1.8421
474,2.0672,2048,2.7804e-05,1.8252e-10,2.068
475,2.1212,2048,3.5719e-05,2.3468e-10,2.1223
476,2.3485,2048,2.5153e-05,1.5187e-10,2.3493
477,2.3106,2048,3.2869e-05,2.1287e-10,2.3117
478,2.1545,2048,3.4358e-05,2.119e-10,2.1557
479,2.1339,2048,3.0629e-05,2.1625e-10,2.1348
480,2.374,2048,3.6058e-05,2.8902e-10,2.375
481,1.751,2048,3.2927e-05,2.1374e-10,1.7523
482,2.1658,2048,2.8232e-05,1.6612e-10,2.1668
483,2.7222,2048,3.3115e-05,2.239e-10,2.7234
484,2.5741,2048,2.19e-05,1.4022e-10,2.5748
485,1.803,2048,2.551e-05,1.7902e-10,1.8037
486,2.2956,2048,4.4065e-05,8.2156e-10,2.2966
487,2.0947,2048,3.4413e-05,2.5865e-10,2.0958
488,2.028,2048,2.3205e-05,1.6448e-10,2.0286
489,2.1282,2048,3.0027e-05,2.0067e-10,2.1294
490,2.2607,2048,3.5338e-05,2.6224e-10,2.2615
491,2.2613,2048,3.3622e-05,2.2312e-10,2.2627
492,2.1707,2048,2.7428e-05,1.7075e-10,2.1718
493,2.0702,2048,2.8243e-05,1.652e-10,2.0712
494,2.8833,2048,4.8206e-05,4.7354e-10,2.8847
495,2.0204,2048,2.7907e-05,1.8305e-10,2.0214
496,2.0143,2048,3.5059e-05,2.6496e-10,2.0153
497,2.4158,2048,2.9368e-05,1.7859e-10,2.4168
498,1.6776,2048,2.7199e-05,1.4737e-10,1.6787
499,2.0059,2048,3.4312e-05,2.1135e-10,2.0073
500,2.442,2048,3.5806e-05,2.1629e-10,2.4435
501,2.3155,2048,3.2329e-05,2.0994e-10,2.3163
502,1.9024,2048,3.0074e-05,1.7107e-10,1.9033
503,2.1688,2048,2.9023e-05,1.7647e-10,2.1697
504,2.1727,2048,3.7747e-05,2.7284e-10,2.1739
505,2.2343,2048,3.6789e-05,2.508e-10,2.2358
506,2.2598,2048,2.9481e-05,1.5473e-10,2.2608
507,2.3182,2048,3.8489e-05,4.3301e-10,2.3192
508,2.1849,8192,3.0791e-08,1.159e-13,2.1864
509,2.2866,2048,2.7752e-05,1.7926e-10,2.2873
510,2.1233,2048,3.2727e-05,2.126e-10,2.1242
511,2.0161,2048,2.5978e-05,1.5569e-10,2.017
512,2.4661,2048,3.8436e-05,2.8845e-10,2.4672
513,2.3958,2048,3.3751e-05,2.2866e-10,2.3969
514,2.1132,2048,2.8121e-05,1.6583e-10,2.1141
515,2.2397,2048,3.4589e-05,2.6383e-10,2.2408
516,2.2882,2048,3.1516e-05,1.7926e-10,2.2896
517,2.2503,2048,2.9201e-05,1.8079e-10,2.2513
518,2.118,2048,3.1407e-05,1.957e-10,2.1193
519,1.7143,2048,3.3619e-05,2.2219e-10,1.7156
520,2.2981,2048,3.2941e-05,2.2641e-10,2.299
521,3.0248,2048,3.9161e-05,7.2793e-10,3.0261
522,2.0818,2048,2.9647e-05,1.8933e-10,2.0829
523,2.364,2048,3.3228e-05,2.202e-10,2.3652
524,2.3204,2048,2.5366e-05,1.8562e-10,2.321
525,1.6444,2048,2.4367e-05,1.5736e-10,1.6453
526,2.5724,2048,3.4071e-05,2.3038e-10,2.5734
527,1.6785,2048,3.2282e-05,2.0271e-10,1.6796
528,2.5001,2048,2.7664e-05,1.7872e-10,2.501
529,1.8339,2048,2.3993e-05,1.4671e-10,1.835
530,2.2672,2048,2.9601e-05,1.8701e-10,2.268
531,2.0345,2048,3.7465e-05,3.3417e-10,2.0357
532,2.7459,2048,3.0886e-05,2.088e-10,2.7471
533,2.2676,2048,3.542e-05,2.3021e-10,2.2688
534,2.813,2048,3.9642e-05,3.837e-10,2.814
535,2.2529,2048,2.3553e-05,1.3959e-10,2.2537
536,2.0842,2048,3.4679e-05,2.1838e-10,2.0855
537,2.1395,2048,3.0629e-05,2.1265e-10,2.1406
538,1.8996,2048,3.8204e-05,2.495e-10,1.901
539,2.0841,2048,2.6697e-05,1.6263e-10,2.0852
540,2.5686,2048,2.8705e-05,1.7592e-10,2.5697
541,2.048,2048,3.1908e-05,1.9591e-10,2.0493
542,2.3083,2048,3.675e-05,3.7266e-10,2.3094
543,2.3997,2048,3.6816e-05,2.5437e-10,2.4009
544,2.3499,4096,3.0536e-10,3.3155e-21,2.351
545,1.7836,2048,2.7043e-05,1.7323e-10,1.785
546,2.1753,2048,3.5582e-05,2.1347e-10,2.1762
547,2.4733,2048,3.6172e-05,2.7028e-10,2.4743
548,2.2671,2048,2.4995e-05,1.6306e-10,2.2679
549,2.1952,2048,3.0858e-05,2.1385e-10,2.196
550,2.1035,2048,3.3264e-05,2.2647e-10,2.1044
551,2.188,2048,3.3862e-05,2.322e-10,2.1889
552,1.639,2048,3.4825e-05,1.9543e-10,1.6406
553,2.3145,2048,3.493e-05,2.1848e-10,2.316
554,2.2324,2048,3.1617e-05,2.0451e-10,2.2337
555,2.3863,2048,5.1556e-05,1.8657e-09,2.3873
556,2.0376,2048,3.2102e-05,2.0172e-10,2.0385
557,2.1389,2048,3.2434e-05,2.0171e-10,2.1401
558,2.7989,2048,2.7466e-05,1.6936e-10,2.7999
559,2.3105,2048,2.6749e-05,1.6272e-10,2.3113
560,2.5665,2048,3.0051e-05,1.8638e-10,2.5673
561,2.0157,2048,3.8543e-05,2.2681e-10,2.0173
562,2.3968,2048,4.1701e-05,2.8455e-10,2.3982
563,2.7204,2048,3.27e-05,2.1306e-10,2.7218
564,2.3929,2048,3.5075e-05,2.0134e-10,2.3941
565,2.2067,2048,3.6567e-05,4.2334e-10,2.2079
566,2.0889,2048,3.3637e-05,2.2543e-10,2.09
567,2.1097,2048,2.9291e-05,1.8232e-10,2.1106
568,2.1114,2048,2.7278e-05,1.7053e-10,2.1122
569,2.5815,2048,3.6646e-05,2.4039e-10,2.5829
570,1.8453,2048,3.555e-05,2.0921e-10,1.8468
571,2.3872,2048,3.8146e-05,2.4692e-10,2.3886
572,2.6654,2048,3.0839e-05,1.7937e-10,2.6669
573,2.141,2048,2.5769e-05,1.7449e-10,2.1418
574,2.1997,2048,3.7775e-05,3.274e-10,2.2004
575,2.0738,2048,2.7626e-05,1.5821e-10,2.0748
576,2.0513,2048,3.3744e-05,2.372e-10,2.0526
577,2.4683,2048,3.0993e-05,1.8806e-10,2.4691
578,2.6759,2048,3.3397e-05,2.2162e-10,2.677
579,2.0771,2048,2.8755e-05,1.7612e-10,2.0781
580,2.3091,2048,3.1991e-05,2.2727e-10,2.3101
581,1.6179,2048,2.3437e-05,1.4055e-10,1.6189
582,2.5244,2048,3.0631e-05,1.7736e-10,2.5254
583,3.2063,2048,3.4561e-05,2.185e-10,3.2077
584,2.3198,2048,3.121e-05,1.8836e-10,2.3209
585,2.0973,2048,2.4952e-05,1.4208e-10,2.0979
586,2.6401,2048,3.4687e-05,2.509e-10,2.6412
587,2.0678,2048,2.634e-05,1.5693e-10,2.0687
588,2.6561,2048,3.2615e-05,2.3159e-10,2.6571
589,2.4461,2048,3.5462e-05,2.5324e-10,2.4471
590,2.3465,2048,3.2599e-05,2.2293e-10,2.3473
591,2.4671,2048,3.167e-05,2.203e-10,2.4684
592,2.1007,2048,2.3711e-05,1.4491e-10,2.1014
593,2.1682,2048,2.8648e-05,2.3185e-10,2.1688
594,2.2274,2048,3.8046e-05,2.2096e-10,2.2287
595,1.8461,2048,3.3435e-05,2.4319e-10,1.8473
596,1.9546,2048,3.6507e-05,2.2406e-10,1.9562
597,2.2341,2048,3.7291e-05,2.3499e-10,2.2356
598,2.5426,2048,3.3478e-05,2.1735e-10,2.5435
599,2.2725,2048,3.3393e-05,2.2581e-10,2.2732
600,2.0648,2048,2.6516e-05,1.6069e-10,2.0655
601,2.5199,2048,3.356e-05,2.0198e-10,2.521
602,2.3017,2048,3.6475e-05,2.3542e-10,2.3028
603,2.1247,2048,3.4683e-05,1.9873e-10,2.1261
604,3.1977,2048,3.6033e-05,2.3851e-10,3.1991
605,2.0087,2048,2.7328e-05,2.0592e-10,2.0095
606,2.0545,2048,3.077e-05,2.0858e-10,2.0555
607,2.4994,2048,3.8625e-05,2.5671e-10,2.5013
608,2.0251,2048,3.515e-05,2.4013e-10,2.0265
609,1.9528,2048,3.8774e-05,2.3615e-10,1.9545
610,2.2363,2048,3.6612e-05,2.4943e-10,2.2373
610,2.2363,2048,3.6612e-05,2.4943e-10,2.2373
611,2.7672,2048,3.5437e-05,2.063e-10,2.7688
612,2.3978,2048,2.6585e-05,1.6979e-10,2.399
613,2.3168,2048,3.2607e-05,2.0573e-10,2.3179
614,2.5434,2048,3.2746e-05,2.1216e-10,2.5442
615,2.5635,2048,3.468e-05,2.1341e-10,2.5648
616,2.2352,2048,3.1359e-05,1.9106e-10,2.2363
617,2.8082,2048,3.359e-05,2.0049e-10,2.8094
618,1.8803,2048,2.6738e-05,1.6348e-10,1.8812
619,2.5675,2048,3.0859e-05,1.9756e-10,2.5684
620,2.2798,2048,3.6205e-05,2.1431e-10,2.281
621,2.0083,2048,3.0225e-05,1.9174e-10,2.0092
622,1.9541,2048,2.6647e-05,1.6013e-10,1.955
623,1.6976,2048,3.8602e-05,2.5718e-10,1.6991
624,1.9514,2048,3.1059e-05,2.1117e-10,1.9524
625,2.4787,2048,3.5755e-05,2.4909e-10,2.4797
626,2.3953,2048,2.6181e-05,1.5784e-10,2.3963
627,2.1984,2048,3.3087e-05,2.3177e-10,2.1995
628,2.18,2048,2.9839e-05,1.9267e-10,2.1808
629,2.2786,2048,3.8091e-05,2.408e-10,2.28
630,2.1252,2048,3.533e-05,2.2546e-10,2.1265
631,2.0256,2048,3.0794e-05,1.8485e-10,2.0267
632,2.3606,2048,3.4472e-05,2.1581e-10,2.3617
633,2.3961,2048,2.7432e-05,1.8108e-10,2.3968
634,2.3048,2048,3.5954e-05,2.369e-10,2.3061
635,1.9839,2048,3.2623e-05,2.3831e-10,1.985
636,2.4661,2048,2.7149e-05,1.5103e-10,2.467
637,1.7653,2048,3.0284e-05,1.7662e-10,1.7665
638,1.7391,2048,3.4144e-05,2.0899e-10,1.7409
639,2.1765,2048,3.2244e-05,1.9906e-10,2.1776
640,2.3434,2048,3.1881e-05,1.9868e-10,2.3447
641,2.2413,2048,3.4666e-05,2.2194e-10,2.2423
642,1.7282,2048,3.3226e-05,1.8923e-10,1.7295
643,2.3536,2048,2.836e-05,1.9551e-10,2.3543
644,2.053,2048,2.7787e-05,1.8704e-10,2.0538
645,1.861,2048,3.4329e-05,2.1777e-10,1.8625
646,2.1758,2048,3.5046e-05,2.7411e-10,2.1767
647,2.4604,2048,4.2514e-05,3.0175e-10,2.462
648,1.9611,2048,3.9451e-05,2.6079e-10,1.9624
649,2.6901,2048,3.9003e-05,2.3806e-10,2.6914
650,1.897,2048,2.2564e-05,1.4216e-10,1.8976
651,2.3576,2048,3.0215e-05,2.0266e-10,2.3585
652,2.9369,2048,2.8593e-05,1.8067e-10,2.9379
653,2.4934,2048,3.6076e-05,2.4712e-10,2.4942
654,2.0192,2048,2.997e-05,1.8728e-10,2.02
655,2.7499,2048,3.5825e-05,2.4777e-10,2.7511
656,1.6482,2048,3.2698e-05,2.4409e-10,1.6493
657,2.0019,2048,3.8131e-05,2.2436e-10,2.0036
658,2.1115,2048,3.2847e-05,2.0488e-10,2.1125
659,2.1138,2048,2.9699e-05,1.9154e-10,2.1146
660,2.1055,2048,3.173e-05,2.1381e-10,2.1066
661,2.7688,2048,3.5872e-05,2.206e-10,2.7701
662,2.3717,2048,3.4041e-05,2.1359e-10,2.3729
663,2.2768,2048,3.4442e-05,2.4123e-10,2.2781
664,2.5253,2048,2.8005e-05,1.96e-10,2.5261
665,2.997,2048,3.8009e-05,2.5511e-10,2.9983
666,2.0755,2048,2.7179e-05,1.7073e-10,2.0765
667,2.2072,2048,3.2058e-05,2.0194e-10,2.2082
668,2.1992,2048,3.3811e-05,2.3361e-10,2.2001
669,2.5345,2048,3.4278e-05,2.3849e-10,2.5356
670,2.3098,2048,3.8964e-05,2.3767e-10,2.3112
671,2.1967,2048,2.9639e-05,1.7655e-10,2.1975
672,2.8929,2048,3.4838e-05,2.1769e-10,2.8942
673,2.1396,2048,3.3748e-05,1.9697e-10,2.1407
674,2.4262,2048,2.9747e-05,1.9454e-10,2.4273
675,2.0949,2048,3.0485e-05,2.053e-10,2.0958
676,1.8733,2048,2.5899e-05,1.8185e-10,1.8739
677,2.3773,2048,2.7529e-05,1.8429e-10,2.3781
678,2.1844,2048,3.0893e-05,1.6281e-10,2.1856
679,1.8163,2048,3.6587e-05,2.1379e-10,1.8176
680,2.0875,2048,2.9064e-05,1.7604e-10,2.0887
681,2.3322,2048,2.505e-05,1.6904e-10,2.3328
682,2.0318,2048,2.5975e-05,1.5877e-10,2.0327
683,1.9803,2048,3.0593e-05,2.0735e-10,1.9812
684,1.8384,2048,3.2869e-05,2.1432e-10,1.8397
685,2.6472,2048,2.9758e-05,1.7076e-10,2.6484
686,2.6503,8192,2.574e-07,1.2034e-11,2.6515
687,2.2078,2048,3.7467e-05,2.1624e-10,2.2091
688,2.2195,2048,2.6069e-05,1.7993e-10,2.2201
689,2.2694,2048,3.6756e-05,2.2454e-10,2.2709
690,2.0372,2048,3.0685e-05,1.8042e-10,2.0384
691,1.9812,2048,2.9895e-05,1.847e-10,1.9822
692,2.2475,2048,2.7922e-05,1.5807e-10,2.2484
693,2.9851,2048,3.8896e-05,2.31e-10,2.9871
694,2.4858,2048,2.8642e-05,1.991e-10,2.4864
695,2.0009,2048,3.8714e-05,2.7181e-10,2.0021
696,1.9762,2048,3.3014e-05,2.1742e-10,1.9771
697,1.939,2048,2.1866e-05,1.3382e-10,1.9398
698,2.5353,4096,1.4413e-10,2.6348e-21,2.5363
699,2.1858,2048,2.7873e-05,1.6912e-10,2.1868
700,1.9184,2048,3.6084e-05,2.8265e-10,1.9194
701,2.5137,2048,3.3502e-05,1.928e-10,2.5152
702,1.9877,2048,3.2645e-05,2.1573e-10,1.9887
703,1.7644,2048,2.7891e-05,1.8229e-10,1.7653
704,2.3348,2048,3.1326e-05,1.9387e-10,2.336
705,2.1044,2048,3.5272e-05,2.2577e-10,2.1058
706,1.9943,2048,2.9816e-05,1.7769e-10,1.9954
707,2.6281,2048,3.6867e-05,2.4976e-10,2.6294
708,1.9653,2048,3.8584e-05,2.1529e-10,1.9668
709,2.2552,2048,3.2376e-05,1.825e-10,2.2566
710,2.0068,2048,3.3263e-05,1.9439e-10,2.0081
711,2.5429,2048,3.8738e-05,2.5553e-10,2.5446
712,2.1573,2048,3.56e-05,2.1104e-10,2.1585
713,2.3025,2048,3.2446e-05,1.9929e-10,2.3041
714,2.218,2048,3.1851e-05,1.9485e-10,2.219
715,1.9643,2048,4.2405e-05,3.0171e-10,1.9655
716,2.3687,2048,3.029e-05,1.9608e-10,2.3695
717,2.5375,2048,2.789e-05,1.8512e-10,2.5386
718,2.1927,2048,2.2238e-05,1.4801e-10,2.1934
719,1.838,2048,3.1185e-05,2.2344e-10,1.8388
720,2.5392,2048,3.2485e-05,2.1486e-10,2.5399
721,2.0761,2048,3.1421e-05,2.1868e-10,2.0772
722,1.9372,2048,3.6497e-05,3.0704e-10,1.9383
723,2.2929,2048,3.1125e-05,1.9303e-10,2.294
724,2.4514,2048,3.5265e-05,2.2524e-10,2.4524
725,1.9523,2048,2.6481e-05,1.9943e-10,1.9532
726,2.1853,2048,4.0167e-05,2.5811e-10,2.1865
727,2.2258,2048,2.8566e-05,1.676e-10,2.2266
728,1.9925,2048,3.6622e-05,3.3826e-10,1.9933
729,1.906,2048,3.0627e-05,1.985e-10,1.907
730,2.4562,2048,3.5187e-05,2.1932e-10,2.4574
731,2.0682,2048,3.4606e-05,2.2319e-10,2.0695
732,1.8549,2048,3.2895e-05,2.2073e-10,1.856
733,2.3931,2048,3.1391e-05,2.2138e-10,2.394
734,2.2935,2048,3.162e-05,1.9835e-10,2.2946
735,2.3152,2048,3.2272e-05,1.8589e-10,2.3165
736,2.1981,2048,3.5888e-05,2.4038e-10,2.1991
737,1.7477,2048,3.3911e-05,2.0969e-10,1.7488
738,2.1495,2048,3.0888e-05,1.8454e-10,2.1504
739,2.0358,2048,3.6266e-05,5.545e-10,2.0367
740,1.977,2048,2.8087e-05,1.8937e-10,1.9779
741,2.1094,2048,2.7151e-05,1.7713e-10,2.1103
742,1.9788,2048,3.4379e-05,2.1871e-10,1.9798
743,2.337,2048,3.2636e-05,2.1513e-10,2.3382
744,2.0391,2048,3.4125e-05,2.4697e-10,2.0402
745,2.2657,2048,3.8227e-05,2.4965e-10,2.2668
746,2.0969,2048,2.5435e-05,1.4599e-10,2.0977
747,2.299,2048,3.0758e-05,1.8048e-10,2.2999
748,1.9175,2048,2.4485e-05,1.5441e-10,1.9188
749,2.507,2048,3.7895e-05,2.4573e-10,2.5082
750,2.2793,2048,3.5871e-05,2.1537e-10,2.2803
751,2.1505,2048,3.8702e-05,4.577e-10,2.1518
752,2.5469,16384,1.8761e-07,2.1042e-11,2.5479
753,2.4615,2048,2.9562e-05,1.9194e-10,2.4621
754,1.6335,2048,2.8532e-05,1.922e-10,1.6344
755,2.2888,2048,3.565e-05,2.2995e-10,2.29
756,1.7371,2048,2.3922e-05,1.4266e-10,1.7379
757,2.4024,2048,3.3782e-05,1.8717e-10,2.4036
758,2.0207,2048,3.2189e-05,1.827e-10,2.022
759,2.2874,2048,3.3952e-05,1.8253e-10,2.2883
760,2.3611,2048,3.1733e-05,1.9563e-10,2.3622
761,2.2594,2048,3.5047e-05,3.1222e-10,2.2606
762,2.1499,2048,3.5038e-05,2.2101e-10,2.1509
763,2.4192,2048,3.0013e-05,1.9069e-10,2.42
764,1.8781,2048,2.647e-05,1.6542e-10,1.8788
765,1.9987,2048,4.0277e-05,4.8791e-10,1.9999
766,2.0201,2048,3.4208e-05,1.8566e-10,2.0216
767,2.2181,2048,3.4059e-05,2.3201e-10,2.2195
768,2.3394,2048,3.6208e-05,2.206e-10,2.3406
769,2.3382,2048,3.7066e-05,2.3029e-10,2.3397
770,2.3587,2048,3.4414e-05,2.4097e-10,2.3598
771,2.2642,2048,3.1788e-05,1.9654e-10,2.2651
772,2.0574,2048,2.6064e-05,1.5223e-10,2.0581
773,2.4999,2048,3.7384e-05,2.3068e-10,2.501
774,2.1222,2048,3.3454e-05,1.9825e-10,2.1239
775,2.6707,2048,3.3082e-05,2.1445e-10,2.6719
776,2.0887,2048,3.569e-05,2.418e-10,2.0897
777,2.2486,2048,3.0182e-05,1.7427e-10,2.2495
778,1.9947,2048,2.6535e-05,1.6146e-10,1.9955
779,2.1315,2048,3.4455e-05,2.4538e-10,2.1325
780,2.0649,2048,3.7197e-05,2.2275e-10,2.0664
781,1.8869,2048,2.5067e-05,1.7256e-10,1.8877
782,2.3776,2048,2.7643e-05,1.7495e-10,2.3784
783,1.5786,2048,2.2124e-05,1.4206e-10,1.5795
784,1.7705,2048,4.2478e-05,2.7083e-10,1.7724
785,2.0173,2048,3.5233e-05,2.2114e-10,2.0185
786,2.7166,2048,3.3535e-05,2.0058e-10,2.7179
787,2.2225,2048,3.0026e-05,1.9365e-10,2.2236
788,2.226,2048,2.8074e-05,1.9546e-10,2.2269
789,2.2866,2048,3.304e-05,2.1039e-10,2.2876
790,2.2437,2048,3.8928e-05,2.6218e-10,2.2453
791,2.2728,2048,2.7285e-05,1.5804e-10,2.2737
792,1.9788,2048,3.2182e-05,1.9329e-10,1.9799
793,2.017,2048,3.2605e-05,2.1139e-10,2.018
794,2.1846,2048,3.8182e-05,2.5933e-10,2.1859
795,2.0633,2048,3.2125e-05,2.0774e-10,2.0647
796,2.5931,2048,3.7533e-05,2.8848e-10,2.5942
797,2.355,2048,3.5319e-05,2.3526e-10,2.3563
798,2.0584,2048,2.9371e-05,1.8966e-10,2.0592
799,1.8244,2048,2.7218e-05,1.5131e-10,1.8254
800,2.3675,2048,2.9184e-05,1.7748e-10,2.3686
801,2.5479,2048,3.2548e-05,1.8456e-10,2.5487
802,1.8382,2048,2.4949e-05,1.4827e-10,1.839
803,2.4023,2048,3.3278e-05,2.0173e-10,2.4035
804,2.0252,2048,3.7434e-05,2.3769e-10,2.0265
805,2.4426,2048,3.2323e-05,1.8956e-10,2.4435
806,2.6387,2048,3.162e-05,2.1541e-10,2.6395
807,1.6375,2048,3.0469e-05,2.0429e-10,1.6384
808,2.3987,2048,3.4397e-05,1.9227e-10,2.4
809,1.8691,2048,3.2523e-05,2.0151e-10,1.8702
810,2.8863,2048,2.8685e-05,1.7853e-10,2.8875
811,1.9871,2048,2.9825e-05,2.2709e-10,1.9879
812,2.0875,2048,2.6311e-05,1.5729e-10,2.0881
813,2.5084,2048,3.2028e-05,2.0114e-10,2.5096
814,2.4674,2048,3.2991e-05,1.9509e-10,2.4689
815,2.2147,2048,3.2387e-05,2.1748e-10,2.2158
816,2.2164,2048,3.5604e-05,2.0013e-10,2.2175
817,2.5946,2048,3.7581e-05,2.2654e-10,2.5962
818,1.9637,2048,3.5329e-05,2.2868e-10,1.9648
819,1.9658,2048,2.8187e-05,1.6457e-10,1.967
820,2.1521,2048,3.6771e-05,2.2828e-10,2.1537
821,1.9547,2048,3.4142e-05,2.0992e-10,1.9558
822,2.0202,2048,3.4617e-05,2.1019e-10,2.0215
823,2.4097,2048,3.535e-05,2.153e-10,2.4111
824,2.2896,2048,2.9525e-05,2.1309e-10,2.2906
825,2.3677,2048,3.1418e-05,2.0143e-10,2.3685
826,1.8553,2048,2.5889e-05,1.8426e-10,1.8562
827,2.1935,2048,2.7686e-05,1.793e-10,2.1944
828,1.9095,2048,3.5127e-05,1.9955e-10,1.9108
829,2.2053,2048,3.0127e-05,1.9493e-10,2.2061
830,2.5987,2048,4.3521e-05,3.1445e-10,2.5998
831,2.7702,2048,2.3422e-05,1.3769e-10,2.7715
832,2.338,2048,3.637e-05,2.205e-10,2.3393
833,2.6566,2048,2.3688e-05,1.4133e-10,2.6573
834,2.0742,2048,2.8887e-05,2.25e-10,2.075
835,2.5821,2048,3.7814e-05,2.7674e-10,2.5837
836,1.7631,2048,3.6024e-05,6.2382e-10,1.7643
837,2.1479,2048,3.3635e-05,2.2981e-10,2.1489
838,2.2216,2048,3.6894e-05,2.6279e-10,2.2229
839,1.7032,2048,3.3233e-05,1.9731e-10,1.7048
840,2.144,2048,3.445e-05,2.1843e-10,2.1452
841,2.016,2048,3.5372e-05,2.3229e-10,2.0173
842,2.2125,2048,3.5969e-05,2.3579e-10,2.2135
843,2.0249,2048,3.6662e-05,2.1511e-10,2.0262
844,2.2703,2048,2.667e-05,1.643e-10,2.2712
845,2.6326,2048,2.7954e-05,1.6174e-10,2.6336
846,2.3792,2048,2.9889e-05,1.9131e-10,2.3802
847,2.2369,2048,2.559e-05,1.7155e-10,2.2377
848,2.5353,2048,3.7246e-05,2.1462e-10,2.5364
849,2.1758,2048,2.303e-05,1.3225e-10,2.1764
850,1.8586,2048,3.1505e-05,1.9041e-10,1.8598
851,2.0094,2048,2.8481e-05,1.7158e-10,2.0105
852,2.3499,2048,3.7033e-05,2.2568e-10,2.3511
853,1.8951,2048,2.5331e-05,1.6913e-10,1.8959
854,2.3957,2048,3.0415e-05,1.9739e-10,2.3968
855,1.7818,2048,2.8201e-05,1.9198e-10,1.7825
856,2.188,2048,3.0624e-05,1.7368e-10,2.1892
857,2.4408,2048,3.0909e-05,2.1782e-10,2.4415
858,1.9771,2048,2.8418e-05,1.6581e-10,1.978
859,2.2585,2048,2.5518e-05,1.7059e-10,2.2591
860,2.6604,2048,3.7467e-05,2.6214e-10,2.6616
861,2.259,2048,3.7879e-05,2.4193e-10,2.2606
862,2.0533,2048,3.3627e-05,1.9902e-10,2.0543
863,2.3399,2048,3.7995e-05,2.3787e-10,2.341
864,2.2017,2048,3.7568e-05,2.8599e-10,2.2029
865,2.1296,2048,3.4104e-05,2.0328e-10,2.1307
866,2.0547,2048,3.2806e-05,2.4232e-10,2.0558
867,1.9741,2048,3.365e-05,2.0125e-10,1.9753
868,2.3591,2048,3.2855e-05,1.9531e-10,2.3605
869,2.529,2048,3.1467e-05,2.0274e-10,2.5299
870,2.016,2048,3.8085e-05,2.4539e-10,2.0173
871,2.2727,2048,3.8239e-05,2.6638e-10,2.274
872,2.241,2048,3.2569e-05,2.4462e-10,2.2421
873,2.9917,2048,2.9382e-05,1.9328e-10,2.9924
874,2.2805,2048,3.2824e-05,2.2691e-10,2.2816
875,2.1043,2048,2.9287e-05,1.6039e-10,2.1053
876,1.9614,2048,3.8822e-05,2.3978e-10,1.963
877,2.2743,2048,3.549e-05,2.1535e-10,2.2756
878,2.7579,2048,3.6446e-05,2.4989e-10,2.7591
879,2.3142,2048,3.566e-05,2.0863e-10,2.3153
880,2.3736,2048,2.9131e-05,1.8135e-10,2.3745
881,2.5335,2048,2.6381e-05,2.0225e-10,2.5341
882,1.7149,2048,3.5153e-05,3.2676e-10,1.716
883,2.0036,2048,3.1114e-05,2.0506e-10,2.0045
884,2.7458,2048,3.4951e-05,2.2049e-10,2.747
885,2.2822,2048,3.6476e-05,2.8372e-10,2.2833
886,2.1521,2048,3.1578e-05,2.0323e-10,2.153
887,2.0162,2048,3.1194e-05,1.8798e-10,2.0173
888,2.226,2048,3.1907e-05,3.081e-10,2.2268
889,1.9585,2048,3.1127e-05,1.8792e-10,1.9597
890,2.3613,2048,2.9943e-05,1.9962e-10,2.3621
891,2.3272,2048,3.1361e-05,1.9679e-10,2.3282
892,1.9854,2048,3.7689e-05,2.416e-10,1.9866
893,2.3475,2048,3.3344e-05,2.1961e-10,2.3487
894,2.1435,2048,2.9403e-05,2.0575e-10,2.1442
895,2.0027,2048,4.2005e-05,2.8415e-10,2.0043
896,2.2521,2048,3.3178e-05,2.312e-10,2.2532
897,1.9861,2048,3.5714e-05,2.3088e-10,1.9872
898,2.4775,2048,2.4621e-05,1.5824e-10,2.4784
899,2.2403,2048,3.7518e-05,2.7482e-10,2.2415
900,2.0696,2048,3.4835e-05,2.2165e-10,2.071
883,2.0036,2048,3.1114e-05,2.0506e-10,2.0045
884,2.7458,2048,3.4951e-05,2.2049e-10,2.747
885,2.2822,2048,3.6476e-05,2.8372e-10,2.2833
886,2.1521,2048,3.1578e-05,2.0323e-10,2.153
887,2.0162,2048,3.1194e-05,1.8798e-10,2.0173
888,2.226,2048,3.1907e-05,3.081e-10,2.2268
889,1.9585,2048,3.1127e-05,1.8792e-10,1.9597
890,2.3613,2048,2.9943e-05,1.9962e-10,2.3621
891,2.3272,2048,3.1361e-05,1.9679e-10,2.3282
892,1.9854,2048,3.7689e-05,2.416e-10,1.9866
893,2.3475,2048,3.3344e-05,2.1961e-10,2.3487
894,2.1435,2048,2.9403e-05,2.0575e-10,2.1442
895,2.0027,2048,4.2005e-05,2.8415e-10,2.0043
896,2.2521,2048,3.3178e-05,2.312e-10,2.2532
897,1.9861,2048,3.5714e-05,2.3088e-10,1.9872
898,2.4775,2048,2.4621e-05,1.5824e-10,2.4784
899,2.2403,2048,3.7518e-05,2.7482e-10,2.2415
900,2.0696,2048,3.4835e-05,2.2165e-10,2.071
901,2.4476,2048,3.0792e-05,1.9746e-10,2.4485
902,1.995,2048,3.6078e-05,2.0898e-10,1.9964
903,1.9484,2048,3.0899e-05,2.2536e-10,1.9494
904,2.0127,2048,2.7142e-05,1.7708e-10,2.0138
905,2.5639,2048,2.8102e-05,1.6052e-10,2.5652
906,2.4005,2048,3.9832e-05,3.0011e-10,2.4019
907,2.7632,2048,3.2399e-05,2.0658e-10,2.7647
908,2.4889,2048,3.305e-05,2.5268e-10,2.4896
909,1.8194,2048,3.0452e-05,1.7687e-10,1.8206
910,1.7564,2048,2.4175e-05,1.3027e-10,1.7572
911,1.992,2048,3.0737e-05,1.8466e-10,1.9934
912,2.2763,2048,3.2009e-05,2.378e-10,2.2771
913,2.211,2048,2.943e-05,2.1379e-10,2.2118
914,2.0621,2048,2.9005e-05,1.9894e-10,2.0631
915,2.2188,2048,2.8999e-05,1.878e-10,2.2196
916,2.2291,2048,3.342e-05,2.5941e-10,2.23
917,2.0374,2048,3.2926e-05,2.1447e-10,2.0384
918,1.8347,2048,3.5798e-05,2.0699e-10,1.8362
919,2.2256,2048,3.0277e-05,1.9586e-10,2.2266
920,2.1154,2048,3.7338e-05,2.9034e-10,2.117
921,2.12,2048,2.7725e-05,1.8567e-10,2.1206
922,2.3992,2048,3.7049e-05,2.5653e-10,2.4002
923,2.5011,2048,2.8088e-05,1.7537e-10,2.5019
924,2.1522,2048,2.9537e-05,2.1133e-10,2.1531
925,1.7763,2048,2.5285e-05,1.4442e-10,1.7771
926,2.3784,2048,3.336e-05,2.1954e-10,2.3793
927,2.0278,2048,4.2626e-05,2.939e-10,2.0296
928,2.4852,2048,2.9615e-05,1.8446e-10,2.4862
929,1.8143,2048,3.0007e-05,1.7267e-10,1.8154
930,2.8167,2048,3.8264e-05,2.5093e-10,2.8184
931,2.136,2048,2.8392e-05,1.7189e-10,2.1369
932,2.1328,2048,3.3902e-05,2.2635e-10,2.1338
933,2.1893,2048,4.2368e-05,2.6342e-10,2.1909
934,2.5372,2048,3.3081e-05,2.3976e-10,2.5381
935,2.5744,2048,3.5214e-05,2.2774e-10,2.5757
936,1.7773,2048,3.2121e-05,1.9364e-10,1.7785
937,2.5278,2048,4.0499e-05,2.6335e-10,2.5293
938,2.0804,2048,3.3778e-05,2.304e-10,2.0815
939,2.417,2048,3.4962e-05,2.2274e-10,2.4186
940,2.1292,2048,3.6324e-05,2.3396e-10,2.1304
941,2.1274,2048,3.0461e-05,2.0183e-10,2.1282
942,2.1647,2048,3.5236e-05,2.7132e-10,2.1658
943,2.0996,2048,3.3746e-05,2.4207e-10,2.1005
944,2.1761,2048,3.9984e-05,2.7265e-10,2.1775
945,2.0121,2048,3.1938e-05,1.9693e-10,2.0132
946,2.1128,2048,3.5527e-05,2.4469e-10,2.1138
947,1.9546,2048,2.7964e-05,1.6572e-10,1.9555
948,2.1357,2048,3.3722e-05,2.2804e-10,2.1369
949,2.311,2048,3.1906e-05,2.0588e-10,2.3118
950,1.9364,2048,2.5402e-05,1.4486e-10,1.9374
951,2.2206,2048,3.525e-05,2.3758e-10,2.2221
952,2.2549,2048,3.3983e-05,2.1864e-10,2.2558
953,1.9468,2048,3.2844e-05,2.102e-10,1.948
954,2.4367,2048,3.6395e-05,3.1684e-10,2.438
955,2.1387,2048,3.2629e-05,2.1474e-10,2.1399
956,1.9318,2048,3.5068e-05,2.3478e-10,1.9327
957,1.8401,2048,3.8992e-05,3.4379e-10,1.841
958,1.9192,2048,3.4563e-05,2.112e-10,1.9204
959,2.5606,2048,3.4192e-05,2.3764e-10,2.5617
960,2.1809,2048,3.6616e-05,2.2136e-10,2.1825
961,2.5652,2048,3.4861e-05,2.6705e-10,2.5663
962,2.5655,2048,3.0924e-05,1.8866e-10,2.5667
963,2.6227,2048,3.8777e-05,2.3728e-10,2.6244
964,2.201,2048,2.9939e-05,1.9724e-10,2.2019
965,2.6729,2048,3.3995e-05,2.1619e-10,2.6737
966,2.3673,2048,3.4991e-05,2.4301e-10,2.3681
967,1.7853,2048,2.7717e-05,1.6188e-10,1.7864
968,1.9242,2048,2.7397e-05,1.7361e-10,1.925
969,2.4833,2048,3.7099e-05,3.0326e-10,2.4845
970,2.4635,2048,3.2048e-05,2.0154e-10,2.4647
971,2.5776,2048,2.9566e-05,1.6655e-10,2.5786
972,1.7997,2048,3.7959e-05,2.8463e-10,1.8011
973,2.221,2048,2.555e-05,1.4607e-10,2.2218
974,2.5616,2048,2.8568e-05,1.484e-10,2.5628
975,1.7865,2048,3.3153e-05,2.2593e-10,1.7878
976,2.1916,2048,3.4785e-05,2.2025e-10,2.1927
977,3.0224,2048,3.8051e-05,2.6363e-10,3.0238
978,2.2901,2048,3.6016e-05,2.0952e-10,2.2911
979,2.2324,2048,3.2006e-05,2.0932e-10,2.2335
980,3.2674,2048,3.288e-05,2.0822e-10,3.2685
981,2.1375,2048,3.6491e-05,2.1757e-10,2.1389
982,1.9793,2048,2.5365e-05,1.4772e-10,1.9801
983,2.0634,2048,3.867e-05,2.3818e-10,2.0651
984,2.395,2048,3.2646e-05,2.0784e-10,2.396
985,2.0584,2048,2.8247e-05,1.6637e-10,2.0594
986,2.8143,2048,3.4044e-05,2.3285e-10,2.8151
987,2.3992,2048,2.601e-05,1.6145e-10,2.4
988,1.9301,2048,2.9617e-05,1.6225e-10,1.9311
989,2.181,2048,2.6718e-05,1.717e-10,2.1819
990,1.8201,2048,2.6812e-05,1.6413e-10,1.821
991,2.0393,2048,2.7238e-05,1.77e-10,2.0403
992,1.9579,2048,3.7417e-05,3.12e-10,1.9592
993,1.8284,2048,2.8567e-05,1.9637e-10,1.8293
994,2.2916,2048,4.0018e-05,2.5594e-10,2.2931
995,2.1062,2048,2.8044e-05,1.7356e-10,2.1072
996,2.49,2048,3.6568e-05,2.2635e-10,2.4912
997,2.077,2048,3.251e-05,2.4736e-10,2.0779
998,2.3044,2048,2.6152e-05,1.8803e-10,2.3052
999,1.9102,2048,2.9187e-05,2.1434e-10,1.911
1000,2.2001,2048,2.6169e-05,1.6139e-10,2.2008
