1,2,1024,351,3.9406e-15,6.1532,3.3093
2,2,1024,338,4.6725e-15,0.75155,1.4608
3,2,1024,345,3.6363e-15,4.1862,2.6471
4,2,1024,339,4.1341e-15,0.45835,2.6386
5,2,1024,345,3.8091e-15,2.9443,1.4415
6,2,1024,344,4.4918e-15,2.3643,1.6836
7,2,1024,344,3.8618e-15,0.67463,1.2473
8,2,1024,352,3.6694e-15,0.66654,2.4643
9,2,1024,346,4.45e-15,1.4724,2.4566
10,2,1024,346,4.8689e-15,0.62355,2.4577
11,2,1024,349,3.3434e-15,1.852,1.3156
12,2,1024,352,3.6067e-15,2.9241,2.5279
13,2,1024,352,3.7053e-15,2.8846,2.5398
14,2,1024,336,3.4692e-15,0.61894,1.2888
15,2,1024,353,2.8632e-15,5.5352,2.5345
16,2,1024,351,3.3064e-15,3.0561,3.2608
17,2,1024,336,4.3266e-15,2.0447,1.3228
18,2,1024,350,3.7772e-15,5.0464,2.5491
19,2,1024,342,3.1494e-15,2.9838,1.269
20,2,1024,323,3.924e-15,1.5965,1.2896
21,2,1024,328,2.3321e-15,0.88958,1.3153
22,2,1024,351,5.0409e-15,1.4055,2.6272
23,2,1024,354,3.3152e-15,0.77828,2.4938
24,2,1024,354,2.8676e-15,0.81872,2.5257
25,2,1024,352,2.3535e-15,1.2015,2.5168
26,2,1024,356,2.6709e-15,1.1468,3.301
27,2,1024,344,3.3748e-15,0.89287,1.2983
28,2,1024,346,2.843e-15,0.91937,2.5119
29,2,1024,342,1.7611e-15,3.1652,2.5092
30,2,1024,354,2.4631e-15,1.6148,2.5376
31,2,1024,343,2.5895e-15,2.3292,1.2475
32,2,1024,345,2.9296e-15,4.9748,2.5157
33,2,1024,348,3.0989e-15,4.1454,1.2681
34,2,1024,349,4.3313e-15,1.2546,2.5159
35,2,1024,333,2.5206e-15,1.4964,1.2472
36,2,1024,339,2.0999e-15,4.0715,1.2675
37,2,1024,342,2.7784e-15,1.2672,2.5319
38,2,1024,353,3.1076e-15,5.7103,2.5737
39,2,1024,351,3.0545e-15,0.9729,2.4967
40,2,1024,352,3.3484e-15,1.3487,2.5684
41,2,1024,343,3.2114e-15,3.2639,2.553
42,2,1024,359,2.6642e-15,0.72087,2.5142
43,2,1024,353,3.9506e-15,1.469,2.5656
44,2,1024,348,1.87e-15,4.7691,2.5404
45,2,1024,344,5.5717e-15,2.1201,2.5087
46,2,1024,357,2.3067e-15,0.90379,1.3144
47,2,1024,353,4.8795e-15,2.6598,2.5517
48,2,1024,346,1.8991e-15,3.954,2.4969
49,2,1024,350,2.7543e-15,1.9827,2.5456
50,2,1024,348,3.0339e-15,4.5944,2.5075
51,2,1024,356,2.8532e-15,9.869,2.6362
52,2,1024,344,3.0048e-15,1.1413,2.5309
53,2,1024,344,2.5001e-15,1.8458,2.5166
54,2,1024,349,4.2154e-15,3.3112,1.2566
55,2,1024,352,4.4898e-15,0.91861,2.5301
56,2,1024,348,2.3623e-15,1.5765,2.5136
57,2,1024,329,2.2793e-15,6.3169,1.2972
58,2,1024,346,3.073e-15,3.8375,1.2636
59,2,1024,349,2.7431e-15,1.9633,2.5115
60,2,1024,341,2.9941e-15,0.74025,2.5308
61,2,1024,357,3.1143e-15,0.61088,2.5124
62,2,1024,353,3.0645e-15,2.5086,2.5517
63,2,1024,341,5.039e-15,0.86688,1.314
64,2,1024,330,3.5432e-15,3.8599,1.2829
65,2,1024,350,3.6125e-15,0.45605,2.5377
66,2,1024,358,2.2917e-15,1.7441,2.5412
67,2,64,3,1.6171e-31,0.50401,0.0076906
68,2,1024,348,4.7636e-15,1.2884,2.5179
69,2,1024,352,2.4985e-15,6.1638,2.5534
70,2,1024,360,4.0799e-15,2.2642,2.5463
71,2,1024,349,3.9276e-15,4.8041,2.5503
72,2,1024,340,4.0837e-15,4.07,2.5509
73,2,1024,353,2.8673e-15,4.4037,2.5527
74,2,1024,327,5.9336e-15,2.1305,1.2704
75,2,1024,351,3.0875e-15,0.85177,2.5272
76,2,1024,353,3.5113e-15,0.84797,3.2321
77,2,1024,331,3.2435e-15,2.0723,1.3326
78,2,1024,339,2.159e-15,2.2261,2.5539
79,2,1024,342,3.0048e-15,1.118,2.5001
80,2,1024,342,3.0707e-15,2.1327,2.5199
81,2,1024,348,3.2046e-15,1.0644,1.3005
82,2,1024,350,3.6234e-15,5.8227,2.5542
83,2,1024,355,3.6773e-15,1.041,2.5383
84,2,64,3,3.9602e-32,2.7255,0.0075393
85,2,1024,336,3.9012e-15,3.5066,2.5109
86,2,1024,346,2.563e-15,4.0088,2.5059
87,2,1024,350,3.2385e-15,2.6976,1.2519
88,2,1024,340,3.4224e-15,2.6333,2.4725
89,2,1024,350,2.2181e-15,0.65949,1.2683
90,2,1024,359,1.9946e-15,3.4197,2.4805
91,2,1024,333,3.5136e-15,2.4722,1.2566
92,2,1024,350,4.1004e-15,1.5535,2.5152
93,2,1024,349,3.7533e-15,0.99523,1.2699
94,2,1024,351,2.296e-15,3.8165,2.4995
95,2,1024,354,3.2086e-15,1.1508,2.615
96,2,1024,383,3.0343e-15,0.87218,2.5184
97,2,1024,352,3.3208e-15,5.9344,2.509
98,2,1024,331,3.9808e-15,0.70295,1.2737
99,2,1024,337,4.005e-15,1.1506,2.5137
100,2,1024,343,3.382e-15,0.58672,2.5151
1,4,1024,346,6.2969e-15,8.6024,2.7298
2,4,1024,346,6.7946e-15,7.511,5.1032
3,4,1024,351,7.9272e-15,9.4541,3.925
4,4,1024,337,6.6831e-15,2.0039,3.8888
5,4,1024,345,8.3947e-15,2.9376,3.9063
6,4,1024,345,9.912e-15,2.3628,5.0586
7,4,1024,342,6.8781e-15,4.9019,3.7217
8,4,1024,338,6.533e-15,4.6522,4.9063
9,4,1024,343,5.2053e-15,3.0313,2.4795
10,4,1024,348,5.3633e-15,4.258,3.7372
11,4,1024,348,7.4731e-15,4.0011,4.9758
12,4,1024,352,8.4458e-15,3.9463,3.7247
13,4,1024,342,9.8148e-15,4.3369,3.7087
14,4,1024,376,9.3776e-15,2.7248,4.9688
15,4,1024,354,4.7291e-15,8.4943,3.7825
16,4,1024,348,4.4841e-15,7.4022,3.7476
17,4,1024,349,6.2972e-15,2.6002,3.7909
18,4,1024,344,6.5517e-15,6.6444,2.5462
19,4,1024,341,9.4471e-15,3.9473,3.7304
20,4,1024,331,1.1479e-14,7.2469,2.5166
21,4,1024,349,5.7658e-15,3.8484,5.0459
22,4,1024,334,7.6095e-15,9.6366,2.541
23,4,1024,337,8.3066e-15,6.076,3.6954
24,4,1024,345,4.9771e-15,3.685,4.9583
25,4,1024,346,6.4944e-15,1.296,4.9473
26,4,1024,350,7.4989e-15,1.5222,4.9738
27,4,1024,343,7.1992e-15,2.8593,3.7106
28,4,1024,347,6.327e-15,3.7953,5.0197
29,4,1024,353,6.5978e-15,3.5768,5.1468
30,4,1024,364,4.235e-15,3.4264,3.7626
31,4,1024,346,1.0447e-14,1.9228,5.0135
32,4,1024,350,5.8265e-15,2.4393,3.778
33,4,1024,350,1.0603e-14,5.8105,4.9606
34,4,1024,344,1.3993e-14,2.6755,4.9988
35,4,1024,347,9.4758e-15,8.1254,4.9546
36,4,1024,341,8.7454e-15,3.7963,3.8148
37,4,1024,348,9.3191e-15,9.1856,3.7741
38,4,1024,339,8.0296e-15,4.5691,5.0629
39,4,1024,347,8.9345e-15,5.974,5.0262
40,4,1024,353,5.8104e-15,3.4835,5.0176
41,4,1024,350,4.4865e-15,6.4526,2.5038
42,4,1024,337,1.3415e-14,3.5907,3.7619
43,4,1024,341,8.834e-15,4.4086,2.5752
44,4,1024,344,9.5631e-15,6.1489,4.9936
45,4,1024,330,8.5222e-15,10.537,2.4751
46,4,1024,349,8.3871e-15,2.6912,5.0166
47,4,1024,344,8.2595e-15,3.6052,3.7817
48,4,1024,339,1.1896e-14,8.7927,5.0541
49,4,1024,352,3.2787e-15,3.8276,3.8131
50,4,1024,352,3.4447e-15,12.149,4.9783
51,4,1024,348,7.6894e-15,6.6729,5.0559
52,4,1024,338,7.4756e-15,4.0779,2.5415
53,4,1024,348,9.0286e-15,5.9418,3.8278
54,4,1024,346,8.8086e-15,3.8146,5.0546
55,4,1024,344,1.013e-14,2.6037,5.0595
56,4,1024,348,8.7401e-15,3.123,5.0457
57,4,1024,351,6.0085e-15,5.3385,3.8023
58,4,1024,346,9.6477e-15,8.0126,5.0529
59,4,1024,348,4.1875e-15,2.4362,5.0589
60,4,1024,333,6.6927e-15,3.0701,3.7854
61,4,1024,346,8.7241e-15,3.7019,2.5281
62,4,1024,345,7.9893e-15,6.6274,3.7873
63,4,1024,350,6.468e-15,1.1801,3.7806
64,4,1024,341,1.0129e-14,7.7272,2.5445
65,4,1024,350,2.9918e-15,2.3719,2.5767
66,4,1024,341,8.4739e-15,4.0143,3.8043
67,4,1024,351,9.6591e-15,2.8167,5.0052
68,4,1024,347,6.3429e-15,4.8106,4.9807
69,4,1024,343,5.6217e-15,8.3065,3.7943
70,4,1024,345,8.1149e-15,1.4374,3.774
71,4,1024,338,7.999e-15,3.9195,2.5255
72,4,1024,343,1.0192e-14,6.0802,5.056
73,4,1024,347,7.3805e-15,7.8057,3.7845
74,4,1024,345,7.6101e-15,3.5327,4.9624
75,4,1024,352,4.2758e-15,4.6027,2.5331
76,4,1024,350,9.8858e-15,6.8851,3.7863
77,4,1024,348,1.3484e-14,2.3648,4.9899
78,4,1024,344,8.3474e-15,3.4562,3.7432
79,4,1024,348,9.2737e-15,2.2856,4.9875
80,4,1024,346,6.1312e-15,2.5188,2.528
81,4,1024,346,7.2391e-15,1.6905,3.7212
82,4,1024,346,8.6056e-15,8.4676,3.7747
83,4,1024,350,7.5685e-15,1.631,3.7278
84,4,1024,335,8.6225e-15,2.1221,5.0348
85,4,1024,336,8.249e-15,3.8158,3.7534
86,4,1024,353,4.9292e-15,2.6442,5.0026
87,4,1024,337,6.8176e-15,2.8082,3.7736
88,4,1024,355,5.294e-15,3.8811,3.7573
89,4,1024,356,6.5471e-15,3.9201,3.7055
90,4,1024,350,8.7344e-15,4.1373,4.9263
91,4,1024,343,8.5737e-15,1.8199,3.7167
92,4,1024,345,7.5703e-15,2.4787,5.0069
93,4,1024,344,9.0939e-15,2.0391,4.9402
94,4,1024,346,3.6032e-15,4.4333,2.5239
95,4,1024,345,6.8526e-15,9.8265,3.7573
96,4,1024,339,9.6296e-15,2.3211,3.7314
97,4,1024,347,8.55e-15,9.637,5.163
98,4,1024,352,8.0257e-15,8.8134,3.8414
99,4,1024,342,1.0077e-14,3.2367,5.0877
100,4,1024,349,4.3638e-15,1.659,3.8335
1,8,1024,341,2.5795e-14,9.728,7.5779
2,8,1024,333,3.4647e-14,5.755,9.0547
3,8,1024,341,2.8242e-14,15.624,8.8035
4,8,1024,344,2.0842e-14,9.3881,7.5546
5,8,1024,344,1.6702e-14,11.714,7.6217
6,8,1024,339,2.2235e-14,6.79,7.5318
7,8,1024,342,2.1588e-14,10.337,6.1188
8,8,1024,352,1.38e-14,10.065,8.4981
9,8,1024,341,2.3578e-14,7.6574,9.8803
10,8,1024,337,3.2263e-14,5.9586,7.4227
11,8,1024,335,2.0078e-14,7.601,6.2274
12,8,1024,340,2.3483e-14,11.521,9.9197
13,8,1024,344,1.4597e-14,6.9891,6.1952
14,8,1024,348,1.2531e-14,5.5759,8.6436
15,8,1024,339,2.8508e-14,8.25,7.3693
16,8,1024,344,2.8123e-14,5.6555,6.2653
17,8,1024,345,2.0815e-14,6.6932,8.7004
18,8,1024,345,1.6273e-14,10.185,8.7297
19,8,1024,344,1.7486e-14,4.3711,6.2001
20,8,1024,342,2.7326e-14,10.659,8.7297
21,8,1024,340,1.9027e-14,13.435,8.7405
22,8,1024,344,2.3895e-14,5.9661,8.7722
23,8,1024,340,2.5926e-14,10.51,7.5574
24,8,1024,340,2.2292e-14,7.4451,7.5352
25,8,1024,352,2.4486e-14,8.5089,9.9005
26,8,1024,342,2.8714e-14,3.6066,8.7347
27,8,1024,345,3.0205e-14,7.8631,10.085
28,8,1024,342,2.0063e-14,12.123,6.3938
29,8,1024,339,2.4634e-14,7.4291,8.8958
30,8,1024,344,3.0103e-14,7.0614,10.295
31,8,1024,339,2.4555e-14,8.7208,7.5206
32,8,1024,342,2.0214e-14,8.1671,8.9539
33,8,1024,343,2.0059e-14,7.0316,7.715
34,8,1024,345,2.1418e-14,8.5046,7.7562
35,8,1024,337,2.6324e-14,10.822,7.808
36,8,1024,337,2.3426e-14,9.9304,8.7588
37,8,1024,347,1.3529e-14,9.9626,6.2873
38,8,1024,341,2.1201e-14,13.56,8.7934
39,8,1024,372,1.3648e-14,10.029,8.7266
40,8,1024,349,1.7142e-14,11.843,8.843
41,8,1024,333,2.1215e-14,9.4683,6.23
42,8,1024,341,2.3659e-14,4.3643,7.6036
43,8,1024,347,1.7454e-14,8.8023,8.8539
44,8,1024,339,2.9523e-14,4.0569,7.5221
45,8,1024,345,2.1864e-14,13.24,8.9227
46,8,1024,363,1.5404e-14,12.248,5.3171
47,8,1024,349,2.3135e-14,16.839,10.489
48,8,1024,335,2.0987e-14,7.4502,6.4406
49,8,1024,344,2.9752e-14,10.69,10.214
50,8,1024,345,2.2249e-14,10.818,7.5898
51,8,1024,343,2.3259e-14,11.286,7.5747
52,8,1024,331,2.3665e-14,9.6734,8.8076
53,8,1024,341,3.473e-14,10.666,10.009
54,8,1024,337,1.9471e-14,6.9552,5.049
55,8,1024,345,1.5341e-14,6.389,7.5114
56,8,1024,338,2.1636e-14,9.0869,7.5392
57,8,1024,347,1.9544e-14,8.181,8.7262
58,8,1024,340,2.6112e-14,14.606,7.5467
59,8,1024,339,2.6076e-14,5.6151,8.8051
60,8,1024,343,2.1299e-14,10.513,8.6891
61,8,1024,343,2.923e-14,11.752,9.2606
62,8,1024,338,2.0588e-14,10.37,7.628
63,8,1024,342,2.518e-14,7.1545,8.7816
64,8,1024,339,2.7035e-14,10.93,8.8167
65,8,1024,342,1.6005e-14,4.7562,8.8031
66,8,1024,344,2.2592e-14,6.3864,7.5221
67,8,1024,334,2.708e-14,7.5817,6.3247
68,8,1024,337,3.1177e-14,8.1934,8.8589
69,8,1024,340,2.7197e-14,9.6434,10.081
70,8,1024,342,1.878e-14,5.3754,7.4903
71,8,1024,341,3.1754e-14,12.417,8.7737
72,8,1024,351,1.9098e-14,7.5413,7.4693
73,8,1024,353,2.2232e-14,10.206,7.4749
74,8,1024,342,2.752e-14,13.676,9.9955
75,8,1024,344,2.6655e-14,12.28,10.349
76,8,1024,341,1.9165e-14,10.137,6.413
77,8,1024,335,2.8163e-14,2.5344,7.4589
78,8,1024,341,1.6339e-14,13.308,7.5202
79,8,1024,343,2.4061e-14,5.9903,10.061
80,8,1024,341,2.2436e-14,10.7,10.057
81,8,1024,336,2.6071e-14,7.6641,6.3379
82,8,1024,335,2.2582e-14,18.205,5.0535
83,8,1024,337,3.2517e-14,11.66,8.8321
84,8,1024,349,1.5454e-14,13.503,9.9697
85,8,1024,337,2.1153e-14,8.249,6.2774
86,8,1024,340,2.788e-14,11.304,6.2898
87,8,1024,340,2.7182e-14,7.7677,8.8312
88,8,1024,343,2.6688e-14,7.6189,9.9626
89,8,1024,346,1.6489e-14,13.136,10.007
90,8,1024,339,1.8628e-14,5.3456,7.5128
91,8,1024,348,2.755e-14,4.3953,10.19
92,8,1024,347,1.2648e-14,10.378,8.8207
93,8,1024,340,2.6219e-14,8.1722,5.2574
94,8,1024,347,2.2745e-14,6.1289,8.9264
95,8,1024,352,1.8265e-14,19.528,8.8196
96,8,1024,345,2.3211e-14,11.163,8.8955
97,8,1024,362,2.0587e-14,8.2787,3.8571
98,8,1024,343,1.6154e-14,14.988,8.8059
99,8,1024,336,1.3355e-14,4.3921,3.8349
100,8,1024,339,2.9314e-14,7.7367,8.7542
1,16,1024,337,8.6002e-14,17.569,18.615
2,16,1024,345,6.1203e-14,16.991,14.977
3,16,1024,338,5.8094e-14,17.448,13.774
4,16,1024,337,6.2652e-14,20.123,13.78
5,16,1024,339,5.6708e-14,19.661,17.397
6,16,1024,331,6.1945e-14,15.694,11.226
7,16,1024,342,6.2216e-14,19.277,16.081
8,16,1024,344,7.2966e-14,14.97,17.289
9,16,1024,341,6.086e-14,32.872,18.748
10,16,1024,352,5.0652e-14,19.032,16.153
11,16,1024,340,6.3452e-14,23.609,16.078
12,16,1024,339,7.5333e-14,18.778,16.179
13,16,1024,353,4.6919e-14,19.072,16.213
14,16,1024,336,7.8442e-14,13.942,13.741
15,16,1024,338,8.8141e-14,17.234,18.593
16,16,1024,330,8.3088e-14,18.803,17.353
17,16,1024,348,5.9349e-14,19.28,18.73
18,16,1024,333,8.3682e-14,17.829,14.221
19,16,1024,338,6.755e-14,13.022,18.119
20,16,1024,343,5.6074e-14,14.812,17.315
21,16,1024,338,6.235e-14,15.939,17.197
22,16,1024,345,5.2707e-14,19.099,16.639
23,16,1024,343,5.0379e-14,20.3,17.702
24,16,1024,336,7.3542e-14,17.986,16.216
25,16,1024,336,6.2223e-14,16.18,12.504
26,16,1024,342,6.4184e-14,15.763,15.498
27,16,1024,340,5.449e-14,16.826,20.224
28,16,1024,337,5.9718e-14,26.964,14.396
29,16,1024,337,7.7147e-14,13.904,14.227
30,16,1024,340,5.74e-14,21.429,18.237
31,16,1024,334,8.5971e-14,18.665,18.308
32,16,1024,340,6.5711e-14,19.116,20.211
33,16,1024,341,8.0156e-14,21.171,17.465
34,16,1024,334,7.9203e-14,12.071,14.95
35,16,1024,365,2.9791e-14,19.678,12.762
36,16,1024,337,8.8436e-14,18.431,18.787
37,16,1024,340,9.6677e-14,9.4359,16.298
38,16,1024,337,5.9051e-14,23.489,15.194
39,16,1024,344,5.9214e-14,25.884,16.571
40,16,8192,2209,7.5168e-13,17.474,29.848
41,16,1024,333,8.8516e-14,17.039,16.665
42,16,1024,339,6.799e-14,8.5384,18.887
43,16,1024,339,5.6605e-14,18.55,16.839
44,16,1024,337,9.3595e-14,21.244,16.517
45,16,1024,363,3.6402e-14,24.949,16.401
46,16,1024,344,5.2759e-14,27.342,18.993
47,16,1024,333,6.2399e-14,26.326,12.631
48,16,1024,336,7.6205e-14,27.616,18.849
49,16,1024,341,6.4058e-14,21.872,16.393
50,16,1024,338,7.5422e-14,27.562,18.898
51,16,1024,341,5.6472e-14,20.669,16.538
52,16,1024,335,7.4467e-14,22.985,15.151
53,16,1024,337,5.6389e-14,16.353,11.35
54,16,1024,344,5.4182e-14,19.919,17.602
55,16,1024,334,7.6661e-14,11.239,18.962
56,16,1024,336,1.008e-13,9.9226,19.041
57,16,1024,337,8.3124e-14,23.427,16.254
58,16,1024,334,9.8383e-14,31.012,18.791
59,16,1024,361,4.0357e-14,21.69,15.29
60,16,1024,360,4.3617e-14,29.876,17.649
61,16,1024,335,7.7168e-14,18.27,16.242
62,16,1024,339,8.2229e-14,20.461,18.654
63,16,1024,339,6.2615e-14,18.321,13.774
64,16,1024,339,6.4907e-14,24.418,16.142
65,16,1024,343,5.3936e-14,12.189,18.608
66,16,1024,341,6.6502e-14,15.021,14.935
67,16,1024,338,6.9886e-14,14.859,13.778
68,16,1024,331,6.84e-14,16.394,12.533
69,16,1024,337,9.359e-14,14.245,14.935
70,16,1024,339,6.444e-14,12.804,18.689
71,16,1024,344,6.6885e-14,22.599,17.318
72,16,1024,343,5.0764e-14,18.186,16.243
73,16,1024,335,8.242e-14,13.25,11.314
74,16,1024,339,6.3395e-14,25.665,15.226
75,16,1024,336,6.3014e-14,17.784,15.293
76,16,1024,340,7.6701e-14,19.928,17.592
77,16,1024,341,7.3513e-14,12.48,17.488
78,16,1024,330,9.191e-14,26.725,17.528
79,16,1024,335,7.8165e-14,12.454,16.198
80,16,1024,331,8.9081e-14,24.717,13.916
81,16,1024,337,5.4626e-14,9.8636,14.857
82,16,1024,334,8.5046e-14,18.458,17.335
83,16,1024,335,7.709e-14,13.232,14.946
84,16,1024,338,8.1515e-14,20.323,16.128
85,16,1024,361,3.9044e-14,20.428,18.598
86,16,1024,350,4.9888e-14,12.563,17.445
87,16,1024,336,6.4413e-14,16.033,16.081
88,16,1024,344,5.2201e-14,9.7179,16.165
89,16,1024,335,9.7475e-14,24.278,14.879
90,16,1024,344,5.4368e-14,23.416,16.263
91,16,1024,365,2.8202e-14,14.289,13.758
92,16,1024,337,9.0171e-14,18.161,16.132
93,16,1024,338,8.4866e-14,20.409,16.176
94,16,1024,337,6.9634e-14,19.838,14.966
95,16,1024,333,5.7511e-14,14.55,12.639
96,16,1024,337,6.2293e-14,14.495,12.675
97,16,1024,337,7.2491e-14,17.72,15.005
98,16,1024,337,7.1867e-14,23.484,15.242
99,16,1024,343,7.4719e-14,19.935,19.003
100,16,1024,337,6.5507e-14,21.57,15.164
1,32,1024,329,2.7644e-13,37.388,30.363
2,32,1024,335,2.5736e-13,45.537,36.364
3,32,1024,336,2.0515e-13,33.815,37.809
4,32,1024,348,1.8136e-13,42.031,33.632
5,32,1024,331,2.6587e-13,31.027,30.268
6,32,1024,328,2.6368e-13,48.026,30.585
7,32,1024,336,2.5342e-13,30.333,36.189
8,32,1024,333,1.9252e-13,36.547,29.528
9,32,1024,330,2.4937e-13,61.201,31.364
10,32,1024,332,2.221e-13,33.046,32.499
11,32,1024,336,1.7763e-13,35.246,33.725
12,32,1024,342,1.1888e-13,34.772,32.366
13,32,1024,333,2.3468e-13,37.531,34.108
14,32,1024,334,2.1996e-13,36.29,35.126
15,32,1024,335,1.9248e-13,37.793,34.833
16,32,1024,332,1.9596e-13,43.102,31.147
17,32,1024,335,1.9158e-13,38.933,34.681
18,32,1024,338,1.6659e-13,40.611,39.733
19,32,1024,335,1.3184e-13,31.282,29.275
20,32,1024,335,1.9621e-13,31.308,34.978
21,32,1024,336,1.9837e-13,37.387,34.443
22,32,1024,336,2.4462e-13,46.307,34.38
23,32,1024,331,2.0591e-13,33.357,28.098
24,32,1024,331,1.8911e-13,38.853,37.018
25,32,1024,332,2.4958e-13,33.29,39.008
26,32,1024,331,2.1074e-13,41.047,36.079
27,32,1024,344,2.1449e-13,38.546,32.345
28,32,1024,336,2.2892e-13,40.776,34.616
29,32,1024,329,3.1277e-13,50.177,35.649
30,32,1024,331,2.5014e-13,33.897,31.858
31,32,1024,333,2.5033e-13,48.831,32.076
32,32,1024,334,2.2175e-13,34.267,30.969
33,32,1024,334,2.0835e-13,41.529,33.026
34,32,1024,331,2.6357e-13,25.353,36.259
35,32,1024,335,2.0007e-13,33.814,37.094
36,32,1024,328,2.6624e-13,41.538,30.81
37,32,1024,336,2.3494e-13,35.107,37.038
38,32,1024,334,2.5251e-13,40.42,30.716
39,32,1024,334,2.3e-13,34.84,33.153
40,32,1024,334,2.4422e-13,42.94,34.522
41,32,1024,333,2.3264e-13,39.534,39.493
42,32,1024,331,2.4015e-13,32.064,31.975
43,32,1024,339,1.6031e-13,41.289,35.587
44,32,1024,328,2.6108e-13,37.266,34.837
45,32,1024,331,2.3601e-13,45.026,30.739
46,32,1024,340,2.9083e-13,42.402,34.444
47,32,1024,332,2.4813e-13,56.656,34.567
48,32,1024,331,2.5199e-13,47.658,30.78
49,32,1024,332,2.7571e-13,44.45,38.146
50,32,1024,336,1.816e-13,51.257,31.897
51,32,1024,334,1.8479e-13,32.257,35.64
52,32,1024,327,2.6358e-13,46.648,31.874
53,32,1024,332,2.5977e-13,31.665,38.258
54,32,1024,334,2.2268e-13,46.865,38.235
55,32,1024,335,1.8878e-13,32.448,30.489
56,32,1024,331,2.7993e-13,42.874,33.003
57,32,1024,335,2.0062e-13,40.79,34.212
58,32,1024,328,2.9392e-13,43.823,36.779
59,32,1024,336,1.8183e-13,35.767,34.445
60,32,1024,332,2.3353e-13,55.272,28.072
61,32,1024,330,2.6029e-13,37.783,31.67
62,32,1024,340,1.5726e-13,37.15,36.771
63,32,1024,331,2.8148e-13,29.034,36.906
64,32,1024,345,1.6414e-13,41.514,30.694
65,32,1024,349,1.1152e-13,23.828,33.002
66,32,1024,334,2.5387e-13,34.918,36.634
67,32,1024,336,1.9393e-13,35.959,35.572
68,32,1024,333,2.3216e-13,34.46,35.248
69,32,1024,335,1.9017e-13,34.296,35.509
70,32,1024,340,1.8709e-13,29.22,31.696
71,32,1024,340,1.9734e-13,36.14,30.996
72,32,1024,336,2.6571e-13,37.774,37.442
73,32,1024,333,2.3602e-13,29.098,36.68
74,32,1024,334,2.696e-13,39.858,33.921
75,32,1024,332,2.8899e-13,32.778,35.273
76,32,1024,332,2.3336e-13,39.759,36.654
77,32,1024,345,1.0227e-13,24.171,35.293
78,32,1024,336,2.1432e-13,44.094,30.73
79,32,1024,358,5.6156e-14,50.138,35.403
80,32,1024,333,1.9151e-13,44.475,33.004
81,32,1024,334,2.7632e-13,34.054,35.619
82,32,1024,333,2.3158e-13,44.394,33.121
83,32,1024,329,2.8042e-13,26.522,29.296
84,32,1024,340,1.6854e-13,31.084,35.568
85,32,1024,338,1.7925e-13,37.381,34.175
86,32,1024,330,2.9721e-13,30.716,33.014
87,32,1024,332,2.4208e-13,29.056,31.7
88,32,1024,332,3.0466e-13,36.721,36.563
89,32,1024,336,2.0162e-13,42.501,37.984
90,32,1024,331,2.0858e-13,42.537,33.148
91,32,1024,330,2.6667e-13,37.31,33.205
92,32,1024,331,2.8376e-13,36.413,30.827
93,32,4096,4096,0.00026977,35.062,43.1
94,32,1024,336,1.8302e-13,35.442,35.443
95,32,1024,334,2.392e-13,42.01,37.933
96,32,1024,343,2.0272e-13,36.972,34.132
97,32,1024,332,2.5023e-13,40.693,34.153
98,32,1024,350,1.3103e-13,45.717,32.952
99,32,1024,334,1.9972e-13,48.922,30.594
100,32,1024,331,2.7534e-13,44.037,35.325
1,64,1024,335,5.0055e-13,71.685,67.205
2,64,1024,322,1.1987e-12,73.452,67.746
3,64,1024,336,4.5565e-13,78.052,82.242
4,64,1024,334,6.5791e-13,92.967,75.399
5,64,1024,327,8.4007e-13,62.318,72.618
6,64,1024,326,9.6309e-13,78.54,68.03
7,64,2048,328,8.7969e-13,80.933,93.321
8,64,1024,326,7.6077e-13,55.386,68.292
9,64,1024,328,7.7861e-13,94.501,67.179
10,64,32768,10017,2.8355e-11,64.691,402.89
11,64,32768,10000,2.8355e-5,64.691,402.89
12,64,1024,330,7.5107e-13,87.541,69.093
13,64,1024,323,1.085e-12,70.776,64.533
14,64,1024,324,1.0255e-12,97.419,67.876
15,64,1024,327,9.1909e-13,72.896,73.734
16,64,1024,329,7.2759e-13,83.884,73.448
17,64,1024,331,6.9766e-13,65.643,68.379
18,64,1024,330,6.3789e-13,82.87,70.697
19,64,1024,327,8.7014e-13,70.987,69.752
20,64,1024,333,7.9375e-13,57.751,69.22
21,64,1024,328,7.0474e-13,58.374,70.477
22,64,2048,340,5.3039e-13,85.57,82.946
23,64,1024,328,8.1602e-13,66.482,68.118
24,64,1024,326,6.9806e-13,72.906,64.345
25,64,1024,331,6.0028e-13,72.587,63.237
26,64,2048,335,6.2276e-13,86.229,86.056
27,64,1024,325,8.6332e-13,69.282,62.767
28,64,1024,326,8.2924e-13,74.776,63.037
29,64,1024,333,5.3882e-13,72.536,67.076
30,64,1024,330,6.5413e-13,71.853,69.341
31,64,1024,325,9.4358e-13,68.417,65.499
32,64,1024,326,8.8461e-13,78.894,70.503
33,64,1024,327,8.9265e-13,117.16,71.941
34,64,1024,325,9.2075e-13,64.197,64.568
35,64,1024,336,4.5482e-13,71.177,69.235
36,64,2048,400,4.6727e-13,68.579,87.688
37,64,1024,328,6.9651e-13,91.706,59.812
38,64,1024,327,8.2967e-13,92.741,73.696
39,64,1024,325,8.2212e-13,72.835,64.482
40,64,4096,4096,5.0618e-09,93.566,102.62
41,64,1024,327,8.2628e-13,90.11,66.556
42,64,1024,329,8.1785e-13,73.635,70.065
43,64,1024,329,6.6262e-13,87.816,66.357
44,64,1024,326,8.9023e-13,76.334,61.669
45,64,1024,328,8.4049e-13,95.895,72.574
46,64,1024,326,9.6294e-13,86.434,70.319
47,64,1024,328,7.6899e-13,98.671,75.211
48,64,1024,333,6.7589e-13,92.401,68.186
49,64,1024,328,7.1299e-13,89.102,69.5
50,64,1024,327,8.6264e-13,87.511,70.363
51,64,1024,327,7.4232e-13,66.955,71.888
52,64,1024,329,7.2429e-13,98.156,68.643
53,64,1024,320,1.0021e-12,88.444,62.729
54,64,1024,325,7.9031e-13,101.66,66.705
55,64,16384,3561,1.0202e-11,59.358,177.2
56,64,1024,327,9.0238e-13,75.531,66.212
57,64,1024,334,6.8292e-13,64.684,65.901
58,64,2048,327,8.609e-13,73.301,83.267
59,64,1024,329,6.7365e-13,68.69,68.6
60,64,1024,325,9.5635e-13,92.534,67.428
61,64,1024,342,3.3147e-13,76.335,70.653
62,64,1024,326,1.0191e-12,77.134,67.361
63,64,1024,328,9.1771e-13,70.043,70.042
64,64,1024,326,8.0965e-13,74.299,63.705
65,64,1024,326,8.3858e-13,54.027,66.365
66,64,1024,325,8.8989e-13,67.511,68.735
67,64,1024,328,6.4629e-13,70.946,67.354
68,64,1024,328,8.6689e-13,84.422,71.162
69,64,2048,330,6.6781e-13,83.072,84.763
70,64,1024,324,1.0336e-12,69.235,73.64
71,64,1024,329,7.1341e-13,86.341,72.367
72,64,1024,328,8.4037e-13,92.775,69.939
73,64,1024,327,7.7531e-13,53.956,64.717
74,64,1024,326,1.069e-12,66.377,73.098
75,64,1024,325,9.892e-13,79.201,65.563
76,64,1024,325,9.0678e-13,86.196,68.714
77,64,1024,328,9.7848e-13,58.424,71.989
78,64,1024,329,8.6982e-13,83.675,72.09
79,64,1024,324,1.016e-12,80.098,64.629
80,64,2048,342,3.2995e-13,95.562,85.332
81,64,1024,342,3.7745e-13,59.034,58.801
82,64,1024,326,8.8044e-13,79.448,65.83
83,64,1024,327,9.7796e-13,65.364,70.819
84,64,1024,329,7.934e-13,82.351,73.531
85,64,1024,326,9.1848e-13,87.355,71.767
86,64,1024,327,8.0288e-13,67.684,67.828
87,64,1024,356,3.0027e-13,72.352,66.247
88,64,1024,332,6.0522e-13,59.695,63.516
89,64,1024,327,9.5097e-13,82.288,68.413
90,64,1024,330,8.2324e-13,83.9,73.94
91,64,1024,333,7.4085e-13,79.418,71.199
92,64,1024,332,5.65e-13,72.124,64.669
93,64,1024,328,7.6353e-13,53.898,67.176
94,64,1024,336,5.8385e-13,86.976,65.143
95,64,2048,328,8.6351e-13,74.039,84.274
96,64,1024,328,8.4515e-13,72.428,62.819
97,64,2048,327,8.1234e-13,79.547,83.555
98,64,1024,327,1.1078e-12,90.271,74.481
99,64,1024,327,9.0645e-13,79.723,68.111
100,64,1024,324,9.7921e-13,76.642,65.746
1,96,2048,324,2.1694e-12,121.65,139.2
2,96,2048,320,1.989e-12,123.12,139.17
3,96,2048,329,1.0866e-12,111.65,149.72
4,96,2048,323,1.9392e-12,121.78,140.54
5,96,2048,322,1.979e-12,97.326,147.76
6,96,1024,332,1.5355e-12,115.81,107.44
7,96,2048,341,1.2119e-12,106.21,131.02
8,96,2048,338,7.0784e-13,85.42,137.63
9,96,2048,323,1.9538e-12,127.44,143.69
10,96,2048,327,1.7237e-12,91.7,151.51
11,96,2048,328,1.4408e-12,135.35,143.93
12,96,2048,324,1.8382e-12,138.84,140.56
13,96,2048,324,1.9436e-12,113.36,136.87
14,96,2048,335,1.3364e-12,127.26,147.24
15,96,2048,333,1.0237e-12,105.82,140.58
16,96,2048,323,1.8539e-12,119.25,128.98
17,96,2048,762,3.1811e-12,105.42,142.76
18,96,2048,322,1.6706e-12,128.82,128.3
19,96,2048,327,1.4295e-12,111.29,133.73
20,96,2048,325,1.7554e-12,88.659,119.27
21,96,2048,322,1.6549e-12,105.19,126.47
22,96,2048,327,1.3206e-12,123.65,130.38
23,96,2048,324,1.7869e-12,104.11,135.82
24,96,2048,330,1.4699e-12,108.71,140.15
25,96,2048,324,2.1072e-12,121.06,129.72
26,96,2048,322,2e-12,126.79,137.14
27,96,2048,326,1.4791e-12,111.39,130.79
28,96,2048,320,2.1362e-12,108.95,137.19
29,96,2048,324,1.7425e-12,117.25,131.4
30,96,2048,334,9.2887e-13,109.68,125.32
31,96,2048,323,1.4261e-12,106.99,131.47
32,96,2048,323,1.9205e-12,117.54,145.91
33,96,2048,327,1.487e-12,131.3,144.8
34,96,2048,326,1.5455e-12,122.28,133.77
35,96,2048,658,1.3095e-12,124.76,133.04
36,96,2048,326,1.4866e-12,129.35,134.68
37,96,2048,332,1.0536e-12,122.57,131.51
38,96,1024,324,1.435e-12,115.45,97.641
39,96,2048,324,2.2182e-12,105.99,146.54
40,96,1024,325,1.6035e-12,133.92,107.11
41,96,2048,320,2.1313e-12,114.01,136.52
42,96,2048,327,1.3721e-12,119.23,137.69
43,96,2048,340,6.0253e-13,124.42,143.85
44,96,2048,330,1.2791e-12,100.93,139.44
45,96,2048,329,1.3222e-12,119.92,127.15
46,96,2048,327,1.4721e-12,119.92,136.9
47,96,2048,325,1.5643e-12,113.45,146.02
48,96,2048,329,1.3944e-12,141.38,143.7
50,96,2048,331,1.2186e-12,127.76,134.74
51,96,2048,320,2.0667e-12,100.37,121.93
52,96,2048,323,1.8973e-12,115.6,136.6
53,96,1024,323,1.8722e-12,126.35,103.93
54,96,2048,322,1.8527e-12,132.22,134.71
55,96,2048,323,1.7748e-12,104.55,137.87
56,96,2048,321,1.9871e-12,103.4,134.77
57,96,1024,323,1.9204e-12,95.089,113.27
58,96,2048,323,2.1881e-12,120.48,137.07
59,96,2048,322,1.7907e-12,119.11,123.24
60,96,2048,322,2.1558e-12,146.94,137.88
61,96,2048,324,1.6032e-12,109.83,137.91
63,96,2048,330,1.3169e-12,112.18,130.99
64,96,2048,322,1.9395e-12,123.57,129.84
65,96,2048,322,2.0771e-12,86.754,133.38
66,96,2048,321,2.1213e-12,91.752,129.29
67,96,2048,322,2.2254e-12,105.84,137.12
68,96,2048,331,1.168e-12,102.83,131.94
69,96,2048,326,1.6398e-12,103.67,129.01
70,96,2048,324,1.5455e-12,103.67,129.53
71,96,2048,322,2.1877e-12,116.27,139.42
72,96,2048,323,1.9333e-12,121.56,130.83
73,96,2048,322,2.1541e-12,84.784,130.02
74,96,2048,329,1.6112e-12,111.93,131.84
75,96,2048,322,2.143e-12,126.51,139.98
76,96,2048,322,1.6205e-12,130.43,125.88
77,96,2048,775,2.1017e-12,104.39,127.91
78,96,2048,335,8.2545e-13,124.21,131.43
79,96,2048,320,1.9493e-12,118.56,115.35
80,96,2048,325,1.4515e-12,120.85,123.14
81,96,2048,321,2.1376e-12,111.92,135.69
82,96,2048,325,1.3533e-12,113.46,134.13
83,96,2048,324,1.9794e-12,95.636,145.65
84,96,4096,1889,7.8332e-12,122.09,177.35
85,96,2048,325,1.5407e-12,113.22,129.57
86,96,2048,330,1.1514e-12,110.06,139.93
88,96,2048,322,2.1551e-12,79.993,120.95
89,96,2048,326,1.3779e-12,123.27,126.67
90,96,2048,325,1.3478e-12,116.73,133.49
91,96,2048,322,1.8287e-12,104.54,122.29
92,96,2048,331,1.2568e-12,122.49,125.8
93,96,2048,323,1.9113e-12,98.637,131.58
94,96,2048,323,1.9706e-12,119.52,134.77
95,96,2048,324,1.4764e-12,112.08,125.74
96,96,2048,325,1.7574e-12,116.83,131.27
97,96,2048,329,1.3933e-12,133.96,131.14
98,96,2048,322,1.9755e-12,113.94,124.25
99,96,2048,353,1.3229e-12,126.53,135.21
100,96,2048,332,9.7809e-13,135.06,131.98
101,96,2048,325,1.5391e-12,126.54,124.62
102,96,2048,327,1.68e-12,101.66,134.02
103,96,2048,327,1.3606e-12,98.032,139.36
